Pid Tid Torder Res Dcls Did Bname Time htime Correct Ans Key ec1 ec2 ec3 ec4 ec5
1 1 1 5 1 2 CG 60.40 2.45 0 1 3 0.017950 0.180891 7 0.198840 16
1 1 2 1 1 3 CC 90.64 2.27 1 3 3 0.062821 0.323040 125 0.385861 207
1 1 3 3 1 4 IFO 20.63 1.27 1 3 3 0.104282 0.205176 64 0.309458 67
1 1 4 2 1 1 CST 57.19 1.51 0 2 3 0.034802 0.189707 105 0.224510 288
1 1 5 4 1 5 ILF 13.15 1.52 1 2 2 0.135138 0.382347 39 0.247209 69
1 1 6 5 1 4 IFO 13.05 0.97 1 3 3 0.074520 0.241066 20 0.315585 34
1 1 7 1 1 3 CC 17.19 1.07 1 2 2 0.174784 0.347311 147 0.172527 79
1 1 8 3 1 5 ILF 13.76 1.17 1 2 2 0.121962 0.377767 51 0.255806 64
1 1 9 2 1 1 CST 34.80 1.49 1 2 2 0.101418 0.259539 90 0.158121 16
1 1 10 4 1 2 CG 31.07 0.66 1 2 2 0.043088 0.255476 47 0.212388 29
1 1 11 5 3 3 CC 37.00 1.18 0 1 3 0.059562 0.343223 30 0.402785 42
1 1 12 1 3 2 CG 58.93 2.42 0 1 3 0.013941 0.221219 19 0.235160 6
1 1 13 3 3 1 CST 24.90 2.27 1 3 3 0.091095 0.184554 21 0.275650 38
1 1 14 2 3 5 ILF 6.05 1.30 1 2 2 0.186808 0.477633 25 0.290825 27
1 1 15 4 3 4 IFO 6.97 0.59 1 3 3 0.073409 0.206517 25 0.279926 11
1 1 16 5 3 1 CST 102.52 1.44 1 2 2 0.054925 0.328146 8 0.273221 11
1 1 17 1 3 4 IFO 9.22 2.78 1 3 3 0.025840 0.247772 25 0.273612 17
1 1 18 3 3 2 CG 10.09 1.41 1 2 2 0.088227 0.269946 8 0.181719 5
1 1 19 2 3 5 ILF 3.87 1.30 1 2 2 0.151964 0.433052 16 0.281089 27
1 1 20 4 3 3 CC 14.65 1.17 1 2 2 0.198277 0.378055 40 0.179779 21
1 1 21 5 2 4 IFO 10.32 4.93 1 3 3 0.140878 0.183878 24 0.324756 29
1 1 22 1 2 1 CST 20.23 1.38 1 3 3 0.041798 0.198220 178 0.240018 42
1 1 23 3 2 5 ILF 14.38 1.52 1 2 2 0.144626 0.398147 69 0.253521 110
1 1 24 2 2 3 CC 18.92 1.06 1 3 3 0.075257 0.320379 95 0.395636 148
1 1 25 4 2 2 CG 13.52 1.26 1 2 2 0.013731 0.226572 33 0.212841 36
1 1 26 5 2 4 IFO 18.37 0.82 1 3 3 0.081953 0.240948 20 0.322901 31
1 1 27 1 2 2 CG 6.11 1.09 1 2 2 0.058341 0.246852 159 0.188511 115
1 1 28 3 2 1 CST 18.09 0.89 1 2 2 0.057711 0.326588 7 0.268877 12
1 1 29 2 2 5 ILF 16.84 1.25 1 2 2 0.108517 0.368321 68 0.259804 93
1 1 30 4 2 3 CC 13.71 1.09 1 2 2 0.169492 0.353727 55 0.184235 27
1 2 31 5 1 1 CST 30.88 1.04 1 2 2 9 0 0 0 0
1 2 32 1 1 5 ILF 40.02 0.85 0 1 2 20 0 0 0 0
1 2 33 3 1 3 CC 129.70 2.36 0 3 1 11 0 0 0 0
1 2 34 2 1 4 IFO 64.67 1.04 0 1 2 17 0 0 0 0
1 2 35 4 1 2 CG 21.46 1.01 1 1 1 4 0 0 0 0
1 2 36 5 1 4 IFO 21.44 2.22 1 3 3 4 0 0 0 0
1 2 37 1 1 5 ILF 46.65 1.30 1 2 2 24 0 0 0 0
1 2 38 3 1 2 CG 10.32 1.02 1 2 2 8 0 0 0 0
1 2 39 2 1 3 CC 23.83 2.83 0 3 2 21 0 0 0 0
1 2 40 4 1 1 CST 10.19 0.74 0 1 3 14 0 0 0 0
1 2 41 5 3 3 CC 9.31 1.10 1 1 1 10 0 0 0 0
1 2 42 1 3 4 IFO 23.08 1.86 1 3 3 24 0 0 0 0
1 2 43 3 3 1 CST 26.73 1.22 1 3 3 22 0 0 0 0
1 2 44 2 3 2 CG 16.60 2.33 1 2 2 12 0 0 0 0
1 2 45 4 3 5 ILF 8.21 2.12 1 2 2 8 0 0 0 0
1 2 46 5 3 4 IFO 5.01 0.86 1 3 3 4 0 0 0 0
1 2 47 1 3 3 CC 28.89 0.95 1 3 3 30 0 0 0 0
1 2 48 3 3 2 CG 7.19 1.31 1 2 2 5 0 0 0 0
1 2 49 2 3 5 ILF 12.83 2.77 0 3 2 18 0 0 0 0
1 2 50 4 3 1 CST 7.97 1.47 1 3 3 14 0 0 0 0
1 2 51 5 2 1 CST 51.74 1.20 1 2 2 9 0 0 0 0
1 2 52 1 2 4 IFO 26.18 1.58 1 3 3 24 0 0 0 0
1 2 53 3 2 5 ILF 33.21 1.34 1 3 3 18 0 0 0 0
1 2 54 2 2 2 CG 4.95 1.19 1 2 2 13 0 0 0 0
1 2 55 4 2 3 CC 43.47 2.23 1 3 3 8 0 0 0 0
1 2 56 5 2 4 IFO 22.49 1.10 1 3 3 4 0 0 0 0
1 2 57 1 2 3 CC 15.39 1.49 1 3 3 30 0 0 0 0
1 2 58 3 2 1 CST 49.67 1.11 1 3 3 16 0 0 0 0
1 2 59 2 2 5 ILF 49.81 0.88 1 2 2 18 0 0 0 0
1 2 60 4 2 2 CG 4.19 0.91 1 1 1 5 0 0 0 0
1 3 61 5 1 5 ILF 39.61 1.33 0 4 5 11 0 0 0 0
1 3 62 1 1 4 IFO 12.78 1.01 1 4 4 27 0 0 0 0
1 3 63 3 1 1 CST 28.25 1.61 1 1 1 94 0 0 0 0
1 3 64 2 1 2 CG 6.02 1.24 1 2 2 33 0 0 0 0
1 3 65 4 1 3 CC 4.52 1.08 1 3 3 29 0 0 0 0
1 3 66 5 1 4 IFO 5.83 0.85 1 4 4 11 0 0 0 0
1 3 67 1 1 3 CC 5.60 1.02 1 3 3 329 0 0 0 0
1 3 68 3 1 1 CST 9.89 0.99 1 1 1 55 0 0 0 0
1 3 69 2 1 2 CG 11.34 2.13 1 2 2 33 0 0 0 0
1 3 70 4 1 5 ILF 10.82 0.62 1 5 5 18 0 0 0 0
1 3 71 5 3 2 CG 4.57 1.38 1 2 2 5 0 0 0 0
1 3 72 1 3 3 CC 2.69 1.33 1 3 3 60 0 0 0 0
1 3 73 3 3 1 CST 7.13 2.27 1 1 1 91 0 0 0 0
1 3 74 2 3 5 ILF 15.81 1.36 1 5 5 26 0 0 0 0
1 3 75 4 3 4 IFO 4.15 0.86 1 4 4 18 0 0 0 0
1 3 76 5 3 3 CC 1.79 1.67 1 3 3 73 0 0 0 0
1 3 77 1 3 2 CG 2.29 0.87 1 2 2 44 0 0 0 0
1 3 78 3 3 1 CST 4.31 1.08 1 1 1 47 0 0 0 0
1 3 79 2 3 4 IFO 18.89 2.00 1 4 4 27 0 0 0 0
1 3 80 4 3 5 ILF 12.01 0.82 1 5 5 18 0 0 0 0
1 3 81 5 2 5 ILF 9.62 2.90 1 5 5 11 0 0 0 0
1 3 82 1 2 1 CST 4.29 1.30 1 1 1 236 0 0 0 0
1 3 83 3 2 4 IFO 23.94 1.85 1 4 4 19 0 0 0 0
1 3 84 2 2 2 CG 2.64 0.85 1 2 2 33 0 0 0 0
1 3 85 4 2 3 CC 2.40 0.98 1 3 3 29 0 0 0 0
1 3 86 5 2 2 CG 5.25 0.80 1 2 2 6 0 0 0 0
1 3 87 1 2 5 ILF 10.39 1.66 1 5 5 38 0 0 0 0
1 3 88 3 2 4 IFO 6.59 0.74 1 4 4 23 0 0 0 0
1 3 89 2 2 1 CST 3.69 1.20 1 1 1 97 0 0 0 0
1 3 90 4 2 3 CC 1.91 0.78 1 3 3 125 0 0 0 0
1 4 91 5 1 3 CC 126.71 0.46 0 0 1 413.482638 25.548268 35 0 0
1 4 92 1 1 1 CST 39.07 1.67 0 0 1 326.097084 17.130037 146 0 0
1 4 93 3 1 5 ILF 87.42 0.30 0 0 1 556.838585 31.030435 73 0 0
1 4 94 2 1 4 IFO 47.73 0.78 1 1 1 16.235771 29.424623 48 0 0
1 4 95 4 1 2 CG 48.15 1.74 0 0 1 416.622272 15.378211 29 0 0
1 4 96 5 1 1 CST 87.98 0.28 1 1 1 70.724897 25.123905 53 0 0
1 4 97 1 1 4 IFO 18.63 1.12 1 1 1 50.431454 28.643363 108 0 0
1 4 98 3 1 2 CG 20.81 0.98 0 0 1 395.278386 12.858325 25 0 0
1 4 99 2 1 5 ILF 47.33 1.35 1 1 1 80.265396 33.082050 233 0 0
1 4 100 4 1 3 CC 271.25 0.49 0 0 1 214.536051 22.274493 27 0 0
1 4 101 5 3 2 CG 32.48 1.05 1 1 1 37.278088 15.378211 4 0 0
1 4 102 1 3 1 CST 8.60 4.13 1 1 1 45.377758 17.130037 83 0 0
1 4 103 3 3 4 IFO 3.37 1.33 1 1 1 31.045501 29.424623 13 0 0
1 4 104 2 3 5 ILF 13.21 2.66 1 1 1 149.403559 31.030433 26 0 0
1 4 105 4 3 3 CC 29.55 2.39 0 0 1 585.888418 25.548268 11 0 0
1 4 106 5 3 4 IFO 2.69 0.96 1 1 1 45.838897 28.643362 15 0 0
1 4 107 1 3 2 CG 3.81 1.06 1 1 1 57.986011 12.858323 24 0 0
1 4 108 3 3 3 CC 14.59 1.02 1 1 1 84.21741 22.274494 43 0 0
1 4 109 2 3 5 ILF 2.03 0.36 1 1 1 95.604886 33.082050 27 0 0
1 4 110 4 3 1 CST 2.41 0.62 0 0 1 93.351937 25.123905 45 0 0
1 4 111 5 2 2 CG 125.05 1.95 0 0 1 479.227526 15.378211 8 0 0
1 4 112 1 2 4 IFO 9.60 2.20 1 1 1 69.20047 29.424623 73 0 0
1 4 113 3 2 1 CST 6.40 1.02 1 1 1 24.968079 17.130037 40 0 0
1 4 114 2 2 3 CC 11.19 0.56 0 0 1 829.588157 25.548268 94 0 0
1 4 115 4 2 5 ILF 6.10 0.76 0 0 1 108.516269 31.030435 44 0 0
1 4 116 5 2 5 ILF 33.80 1.01 1 1 1 75.255084 33.082050 16 0 0
1 4 117 1 2 1 CST 43.08 1.32 0 0 1 281.504905 25.123904 408 0 0
1 4 118 3 2 2 CG 73.55 0.78 0 0 1 396.187859 12.858325 22 0 0
1 4 119 2 2 4 IFO 21.81 0.89 1 1 1 49.872306 28.643363 74 0 0
1 4 120 4 2 3 CC 53.85 0.94 0 0 1 444.813359 22.274493 27 0 0
1 5 121 5 1 1 CST 9.79 2.78 1 1 1 16 8 0 0 0
1 5 122 1 1 4 IFO 9.06 0.93 0 1 2 25 12 0 0 0
1 5 123 3 1 2 CG 3.15 0.95 1 2 2 13 6 0 0 0
1 5 124 2 1 5 ILF 7.90 1.07 1 2 2 30 14 0 0 0
1 5 125 4 1 3 CC 5.57 1.18 1 1 1 37 19 0 0 0
1 5 126 5 1 1 CST 6.95 0.90 1 1 1 17 9 0 0 0
1 5 127 1 1 4 IFO 7.26 0.78 1 1 1 22 10 0 0 0
1 5 128 3 1 5 ILF 5.76 0.92 1 2 2 29 14 0 0 0
1 5 129 2 1 3 CC 6.00 0.76 1 1 1 70 35 0 0 0
1 5 130 4 1 2 CG 4.00 1.02 1 2 2 6 3 0 0 0
1 5 131 5 3 5 ILF 4.61 0.94 1 1 1 12 6 0 0 0
1 5 132 1 3 4 IFO 19.57 0.82 1 2 2 25 12 0 0 0
1 5 133 3 3 1 CST 3.39 1.01 1 2 2 31 16 0 0 0
1 5 134 2 3 2 CG 2.11 0.88 1 2 2 14 6 0 0 0
1 5 135 4 3 3 CC 5.46 1.82 1 1 1 10 5 0 0 0
1 5 136 5 3 4 IFO 2.77 1.06 1 1 1 8 3 0 0 0
1 5 137 1 3 1 CST 7.31 1.03 1 1 1 62 31 0 0 0
1 5 138 3 3 3 CC 2.71 1.24 1 2 2 23 12 0 0 0
1 5 139 2 3 5 ILF 4.69 1.04 1 1 1 27 12 0 0 0
1 5 140 4 3 2 CG 2.43 1.13 1 2 2 5 2 0 0 0
1 5 141 5 2 1 CST 4.56 0.84 1 1 1 16 8 0 0 0
1 5 142 1 2 4 IFO 5.92 0.97 0 1 2 25 12 0 0 0
1 5 143 3 2 2 CG 2.77 0.85 1 2 2 13 6 0 0 0
1 5 144 2 2 3 CC 2.53 1.00 1 2 2 82 41 0 0 0
1 5 145 4 2 5 ILF 2.74 0.95 1 1 1 16 8 0 0 0
1 5 146 5 2 1 CST 2.43 0.93 1 1 1 17 9 0 0 0
1 5 147 1 2 2 CG 2.68 1.40 1 1 1 13 6 0 0 0
1 5 148 3 2 5 ILF 3.37 1.15 1 2 2 29 14 0 0 0
1 5 149 2 2 3 CC 3.85 0.97 1 1 1 70 35 0 0 0
1 5 150 4 2 4 IFO 7.35 0.91 0 1 2 13 5 0 0 0
1 6 151 5 1 1 CST 13.67 1.94 1 2 2 5 3 0 0 0
1 6 152 1 1 1 CST 53.48 1.55 1 2 2 1 4 0 0 0
1 6 153 3 1 3 CC 18.01 2.87 1 1 1 3 3 0 0 0
1 6 154 2 1 2 CG 34.79 2.31 0 1 2 2 1 0 0 0
1 6 155 4 1 3 CC 27.30 1.69 0 1 2 4 3 0 0 0
1 6 156 5 1 3 CC 8.26 2.04 1 2 2 5 2 0 0 0
1 6 157 1 1 2 CG 18.67 1.30 1 1 1 1 1 0 0 0
1 6 158 3 1 1 CST 24.70 2.47 1 1 1 3 3 0 0 0
1 6 159 2 1 3 CC 57.79 1.73 1 2 2 2 3 0 0 0
1 6 160 4 1 1 CST 164.55 1.93 1 1 1 4 4 0 0 0
1 6 161 5 3 3 CC 4.11 1.33 1 2 2 5 3 0 0 0
1 6 162 1 3 2 CG 16.82 1.82 1 1 1 1 1 0 0 0
1 6 163 3 3 1 CST 16.60 1.30 1 1 1 3 3 0 0 0
1 6 164 2 3 1 CST 24.82 1.75 1 2 2 2 4 0 0 0
1 6 165 4 3 3 CC 10.40 1.69 0 1 2 4 5 0 0 0
1 6 166 5 3 3 CC 18.79 0.90 0 1 2 5 4 0 0 0
1 6 167 1 3 3 CC 57.70 2.57 1 2 2 1 2 0 0 0
1 6 168 3 3 2 CG 3.23 3.23 1 2 2 3 5 0 0 0
1 6 169 2 3 1 CST 16.89 1.50 1 1 1 2 2 0 0 0
1 6 170 4 3 1 CST 16.02 1.31 1 1 1 4 4 0 0 0
1 6 171 5 2 1 CST 3.26 3.26 1 2 2 5 1 0 0 0
1 6 172 1 2 3 CC 2.81 2.81 1 2 2 1 5 0 0 0
1 6 173 3 2 2 CG 17.57 1.15 1 2 2 3 2 0 0 0
1 6 174 2 2 1 CST 21.78 1.58 0 1 2 2 3 0 0 0
1 6 175 4 2 3 CC 14.00 1.27 1 1 1 4 4 0 0 0
1 6 176 5 2 3 CC 19.75 1.25 1 2 2 5 4 0 0 0
1 6 177 1 2 1 CST 38.24 1.14 0 1 2 1 2 0 0 0
1 6 178 3 2 2 CG 9.22 1.92 1 2 2 3 4 0 0 0
1 6 179 2 2 3 CC 3.39 1.58 1 2 2 2 5 0 0 0
1 6 180 4 2 1 CST 18048.40 1.29 0 1 2 4 3 0 0 0
2 1 1 4 1 5 ILF 16.83 2.62 1 2 2 0.135138 0.382347 39 0.247209 69
2 1 2 3 1 3 CC 42.37 1.68 1 3 3 0.064932 0.337284 68 0.402217 101
2 1 3 5 1 4 IFO 11.35 1.77 1 3 3 0.130096 0.183878 24 0.313974 32
2 1 4 1 1 1 CST 12.44 1.02 0 1 3 0.023199 0.190485 189 0.213683 441
2 1 5 2 1 2 CG 19.16 0.86 0 1 2 0.022129 0.214003 41 0.191875 51
2 1 6 4 1 2 CG 16.38 1.51 1 2 2 0.043088 0.255476 47 0.212388 29
2 1 7 3 1 3 CC 12.34 1.96 1 2 2 0.169901 0.347839 66 0.177938 35
2 1 8 5 1 5 ILF 16.30 1.26 1 2 2 0.128247 0.394370 19 0.266123 31
2 1 9 1 1 1 CST 17.75 1.47 0 1 2 0.072686 0.229279 144 0.156592 50
2 1 10 2 1 4 IFO 20.05 1.81 0 1 3 0.102037 0.213807 99 0.315845 111
2 1 11 4 3 3 CC 24.63 1.81 1 3 3 0.050614 0.352564 48 0.403178 58
2 1 12 3 3 2 CG 22.42 1.22 1 2 2 0.026556 0.212540 9 0.185984 5
2 1 13 5 3 1 CST 37.40 1.12 1 3 3 0.088970 0.191645 10 0.280614 16
2 1 14 1 3 4 IFO 6.15 1.14 1 3 3 0.067913 0.204354 50 0.272267 17
2 1 15 2 3 5 ILF 7.51 1.07 1 2 2 0.186808 0.477633 25 0.290825 27
2 1 16 4 3 4 IFO 6.89 1.09 1 3 3 0.061930 0.226932 9 0.288862 11
2 1 17 3 3 1 CST 25.25 1.41 0 1 2 0.036096 0.319960 16 0.283864 13
2 1 18 5 3 5 ILF 5.52 1.94 1 2 2 0.194300 0.479859 5 0.285559 12
2 1 19 1 3 3 CC 14.71 1.62 1 2 2 0.189959 0.377030 84 0.187071 47
2 1 20 2 3 2 CG 19.43 1.38 1 2 2 0.102852 0.291262 8 0.188411 12
2 1 21 4 2 2 CG 12.66 1.04 0 1 2 0.013731 0.226572 33 0.212841 36
2 1 22 3 2 4 IFO 18.29 0.63 1 3 3 0.113814 0.205176 64 0.318990 60
2 1 23 5 2 1 CST 12.65 1.06 0 1 3 0.047421 0.212136 41 0.259557 8
2 1 24 1 2 3 CC 14.96 1.26 0 1 3 0.062630 0.323016 125 0.385646 207
2 1 25 2 2 5 ILF 8.45 0.74 1 2 2 0.129267 0.377195 103 0.247928 165
2 1 26 4 2 4 IFO 24.78 1.34 0 1 3 0.124771 0.210484 46 0.335255 47
2 1 27 3 2 3 CC 16.29 2.12 0 1 2 0.169738 0.347589 66 0.177851 35
2 1 28 5 2 1 CST 15.82 1.70 0 1 2 0.107015 0.338577 4 0.231562 13
2 1 29 1 2 2 CG 12.97 1.18 1 2 2 0.058341 0.246852 159 0.188511 115
2 1 30 2 2 5 ILF 15.94 0.93 1 2 2 0.108517 0.368321 68 0.259804 93
2 2 31 4 1 1 CST 39.69 1.35 0 1 3 13 0 0 0 0
2 2 32 3 1 3 CC 40.52 1.66 1 1 1 11 0 0 0 0
2 2 33 5 1 2 CG 9.23 1.71 1 2 2 3 0 0 0 0
2 2 34 1 1 4 IFO 46.49 1.77 0 2 3 24 0 0 0 0
2 2 35 2 1 5 ILF 14.31 0.89 1 2 2 15 0 0 0 0
2 2 36 4 1 1 CST 38.65 1.39 1 3 3 14 0 0 0 0
2 2 37 3 1 3 CC 16.10 1.51 1 1 1 15 0 0 0 0
2 2 38 5 1 5 ILF 47.57 1.10 0 2 3 9 0 0 0 0
2 2 39 1 1 2 CG 19.26 1.29 1 1 1 12 0 0 0 0
2 2 40 2 1 4 IFO 41.68 1.40 1 2 2 11 0 0 0 0
2 2 41 4 3 4 IFO 11.87 1.64 1 2 2 12 0 0 0 0
2 2 42 3 3 5 ILF 13.74 0.87 1 3 3 18 0 0 0 0
2 2 43 5 3 1 CST 4.70 0.82 1 2 2 9 0 0 0 0
2 2 44 1 3 2 CG 7.04 1.27 1 1 1 11 0 0 0 0
2 2 45 2 3 3 CC 29.83 0.86 1 2 2 13 0 0 0 0
2 2 46 4 3 4 IFO 6.64 1.33 0 3 2 5 0 0 0 0
2 2 47 3 3 2 CG 5.54 1.12 1 2 2 5 0 0 0 0
2 2 48 5 3 5 ILF 45.49 0.90 1 3 3 9 0 0 0 0
2 2 49 1 3 3 CC 9.41 1.81 1 3 3 30 0 0 0 0
2 2 50 2 3 1 CST 8.34 0.92 1 2 2 40 0 0 0 0
2 2 51 4 2 5 ILF 7.83 1.12 0 1 2 9 0 0 0 0
2 2 52 3 2 2 CG 6.29 1.26 1 2 2 8 0 0 0 0
2 2 53 5 2 4 IFO 17.33 1.38 1 3 3 7 0 0 0 0
2 2 54 1 2 3 CC 10.58 1.30 1 3 3 22 0 0 0 0
2 2 55 2 2 1 CST 41.21 1.78 1 2 2 44 0 0 0 0
2 2 56 4 2 2 CG 4.07 1.40 1 1 1 5 0 0 0 0
2 2 57 3 2 4 IFO 24.49 0.98 1 3 3 6 0 0 0 0
2 2 58 5 2 3 CC 8.93 0.62 1 1 1 10 0 0 0 0
2 2 59 1 2 1 CST 33.14 1.49 0 1 2 62 0 0 0 0
2 2 60 2 2 5 ILF 21.89 2.81 1 2 2 18 0 0 0 0
2 3 61 4 1 3 CC 16.10 1.36 1 3 3 29 0 0 0 0
2 3 62 3 1 4 IFO 34.02 4.09 1 4 4 19 0 0 0 0
2 3 63 5 1 2 CG 6.25 1.35 1 2 2 5 0 0 0 0
2 3 64 1 1 1 CST 6.44 2.38 1 1 1 236 0 0 0 0
2 3 65 2 1 5 ILF 24.06 0.97 1 5 5 26 0 0 0 0
2 3 66 4 1 2 CG 4.65 1.56 1 2 2 9 0 0 0 0
2 3 67 3 1 5 ILF 8.94 1.08 1 5 5 27 0 0 0 0
2 3 68 5 1 1 CST 5.02 1.16 1 1 1 21 0 0 0 0
2 3 69 1 1 4 IFO 9.06 3.93 1 4 4 34 0 0 0 0
2 3 70 2 1 3 CC 3.40 1.14 1 3 3 243 0 0 0 0
2 3 71 4 3 5 ILF 5.83 2.38 1 5 5 14 0 0 0 0
2 3 72 3 3 1 CST 4.24 1.82 1 1 1 91 0 0 0 0
2 3 73 5 3 3 CC 2.81 0.87 1 3 3 19 0 0 0 0
2 3 74 1 3 2 CG 7.66 1.14 1 2 2 35 0 0 0 0
2 3 75 2 3 4 IFO 4.36 1.75 1 4 4 27 0 0 0 0
2 3 76 4 3 3 CC 2.64 1.18 1 3 3 124 0 0 0 0
2 3 77 3 3 5 ILF 4.70 1.32 1 5 5 27 0 0 0 0
2 3 78 5 3 4 IFO 6.95 1.17 1 4 4 11 0 0 0 0
2 3 79 1 3 2 CG 3.42 1.36 1 2 2 44 0 0 0 0
2 3 80 2 3 1 CST 2.74 1.02 1 1 1 88 0 0 0 0
2 3 81 4 2 1 CST 4.63 1.30 1 1 1 57 0 0 0 0
2 3 82 3 2 5 ILF 12.70 0.81 1 5 5 23 0 0 0 0
2 3 83 5 2 4 IFO 13.59 1.81 1 4 4 10 0 0 0 0
2 3 84 1 2 2 CG 2.45 1.16 1 2 2 35 0 0 0 0
2 3 85 2 2 3 CC 5.31 1.38 1 3 3 46 0 0 0 0
2 3 86 4 2 3 CC 2.39 2.35 1 3 3 125 0 0 0 0
2 3 87 3 2 5 ILF 14.78 1.59 1 5 5 27 0 0 0 0
2 3 88 5 2 1 CST 3.28 1.42 1 1 1 21 0 0 0 0
2 3 89 1 2 4 IFO 35.69 0.71 1 4 4 34 0 0 0 0
2 3 90 2 2 2 CG 2.31 1.06 1 2 2 33 0 0 0 0
2 4 91 4 1 4 IFO 20.46 1.31 0 0 1 352.929078 29.424623 24 0 0
2 4 92 3 1 5 ILF 21.33 0.45 0 0 1 578.191499 31.030435 73 0 0
2 4 93 5 1 1 CST 34.41 0.39 1 1 1 75.914808 17.130037 29 0 0
2 4 94 1 1 3 CC 75.60 2.21 0 0 1 365.330849 25.548270 179 0 0
2 4 95 2 1 2 CG 35.16 0.44 0 0 1 164.957551 15.378211 73 0 0
2 4 96 4 1 2 CG 29.95 0.83 0 0 1 238.67997 12.858325 22 0 0
2 4 97 3 1 4 IFO 8.66 0.54 0 0 1 145.758802 28.643363 58 0 0
2 4 98 5 1 1 CST 9.04 0.99 1 1 1 97.887515 25.123905 53 0 0
2 4 99 1 1 5 ILF 13.34 0.45 0 0 1 414.140926 33.082050 315 0 0
2 4 100 2 1 3 CC 19.45 0.58 0 0 1 71.149368 22.274492 67 0 0
2 4 101 4 3 5 ILF 4.58 1.25 1 1 1 82.113058 31.030433 12 0 0
2 4 102 3 3 4 IFO 4.25 1.19 0 0 1 61.895776 29.424623 13 0 0
2 4 103 5 3 2 CG 3.06 1.04 0 0 1 83.928336 15.378211 4 0 0
2 4 104 1 3 3 CC 17.93 1.32 0 0 1 544.5389 25.548269 25 0 0
2 4 105 2 3 1 CST 4.25 0.28 0 0 1 79.887034 17.130037 50 0 0
2 4 106 4 3 3 CC 6.91 1.03 1 1 1 94.07129 22.274493 27 0 0
2 4 107 3 3 1 CST 7.68 1.14 1 1 1 64.22756 25.123905 74 0 0
2 4 108 5 3 5 ILF 2.26 0.73 1 1 1 77.572134 33.082050 12 0 0
2 4 109 1 3 4 IFO 3.24 0.55 1 1 1 85.112798 28.643363 49 0 0
2 4 110 2 3 2 CG 4.04 0.56 0 0 1 67.600621 12.858325 11 0 0
2 4 111 4 2 3 CC 15.52 0.91 0 0 1 101.765675 25.548268 43 0 0
2 4 112 3 2 2 CG 13.97 0.84 0 0 1 261.145911 15.378211 19 0 0
2 4 113 5 2 1 CST 9.29 0.36 0 0 1 89.985563 17.130037 23 0 0
2 4 114 1 2 5 ILF 21.69 1.47 1 1 1 119.222182 31.030435 71 0 0
2 4 115 2 2 4 IFO 5.39 0.30 1 1 1 52.253033 29.424623 48 0 0
2 4 116 4 2 3 CC 39.85 0.81 0 0 1 368.812466 22.274493 27 0 0
2 4 117 3 2 5 ILF 6.25 1.32 0 0 1 70.830345 33.082050 52 0 0
2 4 118 5 2 4 IFO 9.71 0.57 0 0 1 77.21949 28.643363 26 0 0
2 4 119 1 2 1 CST 34.14 1.08 0 0 1 413.258411 25.123904 408 0 0
2 4 120 2 2 2 CG 28.64 1.11 0 0 1 101.297743 12.858325 31 0 0
2 5 121 4 1 4 IFO 6.94 1.63 1 1 1 13 5 0 0 0
2 5 122 3 1 1 CST 7.39 0.96 1 1 1 26 13 0 0 0
2 5 123 5 1 3 CC 8.68 1.56 1 2 2 19 10 0 0 0
2 5 124 1 1 5 ILF 15.42 1.52 1 1 1 39 19 0 0 0
2 5 125 2 1 2 CG 6.81 1.16 1 1 1 26 13 0 0 0
2 5 126 4 1 5 ILF 5.42 1.02 1 2 2 18 9 0 0 0
2 5 127 3 1 1 CST 7.79 1.00 1 2 2 38 19 0 0 0
2 5 128 5 1 4 IFO 5.50 1.29 1 2 2 8 3 0 0 0
2 5 129 1 1 3 CC 8.38 1.13 1 1 1 86 43 0 0 0
2 5 130 2 1 2 CG 6.49 1.44 1 1 1 10 5 0 0 0
2 5 131 4 3 4 IFO 3.76 0.93 1 1 1 13 6 0 0 0
2 5 132 3 3 1 CST 3.76 1.71 1 1 1 31 16 0 0 0
2 5 133 5 3 3 CC 3.09 1.26 1 2 2 6 3 0 0 0
2 5 134 1 3 2 CG 2.61 2.61 1 1 1 26 13 0 0 0
2 5 135 2 3 5 ILF 3.55 1.45 1 1 1 25 12 0 0 0
2 5 136 4 3 4 IFO 3.26 0.96 1 2 2 13 6 0 0 0
2 5 137 3 3 5 ILF 2.47 1.17 1 2 2 25 12 0 0 0
2 5 138 5 3 1 CST 4.31 1.30 1 2 2 7 4 0 0 0
2 5 139 1 3 2 CG 2.77 0.90 1 1 1 13 6 0 0 0
2 5 140 2 3 3 CC 3.03 1.07 1 1 1 28 14 0 0 0
2 5 141 4 2 3 CC 3.57 0.87 1 1 1 37 19 0 0 0
2 5 142 3 2 1 CST 3.41 1.22 1 1 1 33 17 0 0 0
2 5 143 5 2 5 ILF 2.21 1.10 1 2 2 13 6 0 0 0
2 5 144 1 2 2 CG 2.24 2.18 1 1 1 41 20 0 0 0
2 5 145 2 2 4 IFO 4.71 1.60 1 1 1 23 10 0 0 0
2 5 146 4 2 1 CST 4.35 1.02 1 2 2 21 11 0 0 0
2 5 147 3 2 5 ILF 2.73 0.98 1 2 2 29 14 0 0 0
2 5 148 5 2 2 CG 3.85 1.45 1 2 2 4 2 0 0 0
2 5 149 1 2 4 IFO 5.93 1.61 1 1 1 22 10 0 0 0
2 5 150 2 2 3 CC 3.86 1.63 1 1 1 70 35 0 0 0
2 6 151 4 1 3 CC 16.90 2.25 1 2 2 4 1 0 0 0
2 6 152 3 1 1 CST 24.83 1.64 1 2 2 3 2 0 0 0
2 6 153 5 1 1 CST 12.17 1.38 1 2 2 5 3 0 0 0
2 6 154 1 1 2 CG 6.91 1.88 1 2 2 1 5 0 0 0
2 6 155 2 1 3 CC 19.54 1.43 1 2 2 2 4 0 0 0
2 6 156 4 1 1 CST 17.76 3.36 0 1 2 4 5 0 0 0
2 6 157 3 1 3 CC 25.03 1.35 0 1 2 3 1 0 0 0
2 6 158 5 1 1 CST 18.40 3.53 1 2 2 5 3 0 0 0
2 6 159 1 1 2 CG 6.35 1.90 0 1 2 1 2 0 0 0
2 6 160 2 1 3 CC 10.53 2.33 0 1 2 2 1 0 0 0
2 6 161 4 3 1 CST 4.72 4.72 1 2 2 4 5 0 0 0
2 6 162 3 3 2 CG 14.06 1.93 1 2 2 3 5 0 0 0
2 6 163 5 3 1 CST 8.60 2.17 1 2 2 5 2 0 0 0
2 6 164 1 3 3 CC 13.29 1.13 1 2 2 1 5 0 0 0
2 6 165 2 3 3 CC 6.86 1.08 1 2 2 2 3 0 0 0
2 6 166 4 3 3 CC 28.71 7.28 1 2 2 4 3 0 0 0
2 6 167 3 3 1 CST 14.55 1.25 1 2 2 3 5 0 0 0
2 6 168 5 3 2 CG 4.84 4.80 1 1 1 5 5 0 0 0
2 6 169 1 3 3 CC 21.50 1.68 1 2 2 1 3 0 0 0
2 6 170 2 3 1 CST 12.56 1.66 1 2 2 2 4 0 0 0
2 6 171 4 2 1 CST 29.17 7.14 0 1 2 4 5 0 0 0
2 6 172 3 2 2 CG 8.12 1.34 0 1 2 3 1 0 0 0
2 6 173 5 2 3 CC 10.34 1.23 0 1 2 5 3 0 0 0
2 6 174 1 2 1 CST 13.15 1.95 0 1 2 1 3 0 0 0
2 6 175 2 2 3 CC 7.52 1.90 1 2 2 2 5 0 0 0
2 6 176 4 2 3 CC 5.03 4.46 0 1 2 4 2 0 0 0
2 6 177 3 2 1 CST 8.37 2.74 0 1 2 3 2 0 0 0
2 6 178 5 2 2 CG 17.41 3.10 1 2 2 5 4 0 0 0
2 6 179 1 2 1 CST 13.52 1.83 1 1 1 1 1 0 0 0
2 6 180 2 2 3 CC 8.14 2.18 1 2 2 2 5 0 0 0
3 1 1 2 1 1 CST 36.85 1.75 0 2 3 0.034802 0.189707 105 0.224510 288
3 1 2 5 1 4 IFO 13.95 1.59 1 3 3 0.130096 0.183878 24 0.313974 32
3 1 3 4 1 2 CG 62.02 1.76 1 2 2 0.013783 0.226457 33 0.212674 36
3 1 4 3 1 5 ILF 10.26 2.21 1 2 2 0.144301 0.397904 69 0.253603 110
3 1 5 1 1 3 CC 88.32 2.08 0 1 3 0.062821 0.323040 125 0.385861 207
3 1 6 2 1 2 CG 9.50 3.83 1 2 2 0.079956 0.257620 114 0.177664 52
3 1 7 5 1 3 CC 8.53 1.26 1 2 2 0.151894 0.339511 31 0.187618 16
3 1 8 4 1 4 IFO 7.88 1.35 1 3 3 0.117386 0.210381 46 0.327768 51
3 1 9 3 1 1 CST 34.90 2.12 0 3 2 0.062302 0.258226 55 0.195924 15
3 1 10 1 1 5 ILF 28.09 1.61 1 2 2 0.122921 0.370037 95 0.247116 130
3 1 11 2 3 4 IFO 9.81 2.36 1 3 3 0.059291 0.203579 38 0.262870 15
3 1 12 5 3 3 CC 4.12 1.36 1 3 3 0.059562 0.343223 30 0.402785 42
3 1 13 4 3 1 CST 15.82 1.14 1 3 3 0.021545 0.168402 5 0.189947 17
3 1 14 3 3 2 CG 4.72 1.15 0 3 2 0.026556 0.212540 9 0.185984 5
3 1 15 1 3 5 ILF 9.10 8.88 1 2 2 0.195103 0.482067 30 0.286964 32
3 1 16 2 3 5 ILF 2.88 1.05 1 2 2 0.151964 0.433052 16 0.281089 27
3 1 17 5 3 4 IFO 5.35 3.38 1 3 3 0.041264 0.258393 9 0.299657 7
3 1 18 4 3 1 CST 40.97 1.26 1 2 2 0.102344 0.361477 16 0.259134 13
3 1 19 3 3 2 CG 4.17 1.32 1 2 2 0.088227 0.269946 8 0.181719 5
3 1 20 1 3 3 CC 8.88 1.74 1 2 2 0.189959 0.377030 84 0.187071 47
3 1 21 2 2 5 ILF 5.25 1.11 1 2 2 0.129267 0.377195 103 0.247928 165
3 1 22 5 2 1 CST 8.57 1.11 0 1 3 0.047421 0.212136 41 0.259557 8
3 1 23 4 2 3 CC 9.40 1.48 1 3 3 0.114139 0.323851 58 0.437990 74
3 1 24 3 2 2 CG 6.81 1.14 0 1 3 0.013484 0.202115 38 0.215599 55
3 1 25 1 2 4 IFO 8.95 1.32 1 3 3 0.104274 0.202460 117 0.306733 120
3 1 26 2 2 1 CST 18.81 1.61 1 2 2 0.219809 0.383059 6 0.163250 12
3 1 27 5 2 3 CC 16.22 1.34 1 2 2 0.152064 0.339299 31 0.187234 16
3 1 28 4 2 2 CG 5.53 1.45 1 2 2 0.043405 0.255574 47 0.212170 30
3 1 29 3 2 4 IFO 9.86 1.69 1 3 3 0.114287 0.217708 54 0.331995 70
3 1 30 1 2 5 ILF 25.27 1.10 1 2 2 0.123905 0.371128 94 0.247224 130
3 2 31 2 1 5 ILF 49.08 1.76 0 1 2 15 0 0 0 0
3 2 32 5 1 4 IFO 26.09 1.07 0 2 3 7 0 0 0 0
3 2 33 4 1 3 CC 15.54 1.25 1 3 3 8 0 0 0 0
3 2 34 3 1 2 CG 81.35 1.66 1 2 2 8 0 0 0 0
3 2 35 1 1 1 CST 101.86 1.36 0 3 2 72 0 0 0 0
3 2 36 2 1 3 CC 50.54 1.18 0 3 2 21 0 0 0 0
3 2 37 5 1 5 ILF 48.97 0.74 1 3 3 9 0 0 0 0
3 2 38 4 1 1 CST 23.96 1.34 0 1 3 14 0 0 0 0
3 2 39 3 1 4 IFO 17.43 1.73 1 3 3 6 0 0 0 0
3 2 40 1 1 2 CG 110.19 1.98 0 3 1 12 0 0 0 0
3 2 41 2 3 2 CG 50.84 1.08 1 2 2 12 0 0 0 0
3 2 42 5 3 3 CC 41.14 1.82 1 1 1 10 0 0 0 0
3 2 43 4 3 4 IFO 9.73 1.18 1 2 2 12 0 0 0 0
3 2 44 3 3 5 ILF 30.25 1.42 1 3 3 18 0 0 0 0
3 2 45 1 3 1 CST 10.61 1.02 1 2 2 72 0 0 0 0
3 2 46 2 3 1 CST 18.50 0.90 1 2 2 40 0 0 0 0
3 2 47 5 3 5 ILF 46.67 1.35 1 3 3 9 0 0 0 0
3 2 48 4 3 2 CG 7.50 1.67 1 1 1 5 0 0 0 0
3 2 49 3 3 3 CC 22.57 1.58 1 1 1 15 0 0 0 0
3 2 50 1 3 4 IFO 21.15 2.10 0 1 3 12 0 0 0 0
3 2 51 2 2 4 IFO 17.42 1.85 0 3 2 17 0 0 0 0
3 2 52 5 2 2 CG 9.41 2.66 1 2 2 3 0 0 0 0
3 2 53 4 2 3 CC 20.87 1.00 1 3 3 8 0 0 0 0
3 2 54 3 2 5 ILF 30.68 2.40 1 3 3 18 0 0 0 0
3 2 55 1 2 1 CST 31.85 2.85 1 2 2 72 0 0 0 0
3 2 56 2 2 4 IFO 20.73 1.54 1 2 2 11 0 0 0 0
3 2 57 5 2 1 CST 12.63 0.82 1 2 2 9 0 0 0 0
3 2 58 4 2 3 CC 32.62 1.17 1 3 3 12 0 0 0 0
3 2 59 3 2 5 ILF 102.40 1.42 0 1 3 19 0 0 0 0
3 2 60 1 2 2 CG 47.45 1.15 0 3 1 12 0 0 0 0
3 3 61 2 1 2 CG 63.96 5.75 1 2 2 33 0 0 0 0
3 3 62 5 1 5 ILF 89.20 1.38 0 4 5 11 0 0 0 0
3 3 63 4 1 3 CC 16.11 1.21 1 3 3 29 0 0 0 0
3 3 64 3 1 4 IFO 26.27 1.46 1 4 4 19 0 0 0 0
3 3 65 1 1 1 CST 22.51 4.45 1 1 1 236 0 0 0 0
3 3 66 2 1 4 IFO 18.54 1.31 1 4 4 29 0 0 0 0
3 3 67 5 1 3 CC 7.39 1.70 1 3 3 73 0 0 0 0
3 3 68 4 1 1 CST 8.79 1.00 1 1 1 41 0 0 0 0
3 3 69 3 1 2 CG 40.00 1.80 1 2 2 21 0 0 0 0
3 3 70 1 1 5 ILF 102.86 1.59 0 4 5 38 0 0 0 0
3 3 71 2 3 3 CC 6.92 1.06 1 3 3 46 0 0 0 0
3 3 72 5 3 5 ILF 12.40 1.23 0 4 5 11 0 0 0 0
3 3 73 4 3 1 CST 16.65 1.39 1 1 1 57 0 0 0 0
3 3 74 3 3 4 IFO 9.31 1.14 1 4 4 23 0 0 0 0
3 3 75 1 3 2 CG 20.08 1.54 1 2 2 35 0 0 0 0
3 3 76 2 3 1 CST 21.88 1.58 1 1 1 88 0 0 0 0
3 3 77 5 3 4 IFO 13.35 1.64 1 4 4 11 0 0 0 0
3 3 78 4 3 5 ILF 51.41 3.64 0 4 5 18 0 0 0 0
3 3 79 3 3 2 CG 11.74 1.38 1 2 2 21 0 0 0 0
3 3 80 1 3 3 CC 8.23 1.41 1 3 3 323 0 0 0 0
3 3 81 2 2 1 CST 12.94 5.85 1 1 1 145 0 0 0 0
3 3 82 5 2 2 CG 33.63 1.26 1 2 2 5 0 0 0 0
3 3 83 4 2 3 CC 9.36 2.27 1 3 3 29 0 0 0 0
3 3 84 3 2 5 ILF 55.55 5.04 0 4 5 23 0 0 0 0
3 3 85 1 2 4 IFO 34.84 2.80 0 5 4 27 0 0 0 0
3 3 86 2 2 3 CC 5.95 2.10 1 3 3 243 0 0 0 0
3 3 87 5 2 1 CST 22.29 10.65 1 1 1 21 0 0 0 0
3 3 88 4 2 5 ILF 14.40 5.81 0 4 5 18 0 0 0 0
3 3 89 3 2 4 IFO 15.35 1.16 1 4 4 23 0 0 0 0
3 3 90 1 2 2 CG 7.08 1.37 1 2 2 44 0 0 0 0
3 4 91 2 1 4 IFO 313.43 1.49 0 0 1 542.383107 29.424623 48 0 0
3 4 92 5 1 3 CC 170.32 1.03 0 0 1 284.356729 25.548268 35 0 0
3 4 93 4 1 1 CST 26.47 0.98 1 1 1 38.429058 17.130038 47 0 0
3 4 94 3 1 2 CG 66.97 0.55 0 0 1 114.457695 15.378211 47 0 0
3 4 95 1 1 5 ILF 33.82 1.11 0 0 1 95.968269 31.030434 127 0 0
3 4 96 2 1 1 CST 45.44 0.98 0 0 1 119.120409 25.123904 211 0 0
3 4 97 5 1 2 CG 48.56 1.22 0 0 1 215.957095 12.858324 9 0 0
3 4 98 4 1 4 IFO 15.46 0.94 1 1 1 68.615759 28.643363 37 0 0
3 4 99 3 1 3 CC 60.10 1.42 0 0 1 414.883103 22.274494 45 0 0
3 4 100 1 1 5 ILF 102.72 1.51 0 0 1 556.44113 33.082050 315 0 0
3 4 101 2 3 4 IFO 5.11 0.64 1 1 1 47.75127 29.424624 17 0 0
3 4 102 5 3 1 CST 6.78 1.57 1 1 1 32.385962 17.130037 16 0 0
3 4 103 4 3 5 ILF 8.64 0.77 1 1 1 116.195692 31.030433 12 0 0
3 4 104 3 3 3 CC 14.38 1.49 0 0 1 54.376083 25.548269 17 0 0
3 4 105 1 3 2 CG 3.61 0.58 0 0 1 63.662358 15.378211 13 0 0
3 4 106 2 3 1 CST 5.72 0.96 0 0 1 68.166832 25.123904 118 0 0
3 4 107 5 3 3 CC 6.39 1.62 0 0 1 70.485786 22.274492 19 0 0
3 4 108 4 3 4 IFO 4.36 0.99 1 1 1 70.480515 28.643362 22 0 0
3 4 109 3 3 5 ILF 9.89 0.86 1 1 1 76.203464 33.082047 25 0 0
3 4 110 1 3 2 CG 6.25 1.26 0 0 1 51.139609 12.858323 24 0 0
3 4 111 2 2 3 CC 33.75 1.10 0 0 1 82.133227 25.548268 94 0 0
3 4 112 5 2 1 CST 25.72 1.33 1 1 1 46.173757 17.130037 23 0 0
3 4 113 4 2 4 IFO 100.62 0.90 0 0 1 69.813623 29.424623 24 0 0
3 4 114 3 2 5 ILF 114.33 1.02 0 0 1 551.372904 31.030435 40 0 0
3 4 115 1 2 2 CG 65.13 1.88 0 0 1 89.824678 15.378211 55 0 0
3 4 116 2 2 1 CST 48.53 1.08 0 0 1 207.51365 25.123904 242 0 0
3 4 117 5 2 3 CC 28.43 1.22 1 1 1 21.317853 22.274493 19 0 0
3 4 118 4 2 2 CG 27.61 1.14 0 0 1 400.987411 12.858325 18 0 0
3 4 119 3 2 5 ILF 27.90 0.94 1 1 1 96.407964 33.082050 52 0 0
3 4 120 1 2 4 IFO 34.67 1.81 1 1 1 45.729568 28.643363 108 0 0
3 5 121 2 1 4 IFO 21.96 4.11 0 1 2 23 10 0 0 0
3 5 122 5 1 3 CC 20.91 1.91 1 2 2 19 10 0 0 0
3 5 123 4 1 5 ILF 24.56 1.54 1 2 2 16 8 0 0 0
3 5 124 3 1 2 CG 12.85 1.68 0 1 2 13 6 0 0 0
3 5 125 1 1 1 CST 12.39 1.63 1 1 1 67 34 0 0 0
3 5 126 2 1 1 CST 22.84 1.63 1 1 1 38 19 0 0 0
3 5 127 5 1 2 CG 10.65 1.02 1 1 1 4 2 0 0 0
3 5 128 4 1 3 CC 25.60 0.88 1 2 2 38 19 0 0 0
3 5 129 3 1 5 ILF 25.20 1.34 1 2 2 29 14 0 0 0
3 5 130 1 1 4 IFO 11.50 1.49 1 1 1 22 10 0 0 0
3 5 131 2 3 1 CST 9.02 4.29 1 2 2 52 26 0 0 0
3 5 132 5 3 5 ILF 25.22 1.19 1 2 2 12 6 0 0 0
3 5 133 4 3 2 CG 8.06 1.38 1 2 2 7 3 0 0 0
3 5 134 3 3 3 CC 10.42 1.54 0 1 2 36 18 0 0 0
3 5 135 1 3 4 IFO 7.69 1.90 1 1 1 25 12 0 0 0
3 5 136 2 3 4 IFO 12.71 1.29 1 1 1 18 9 0 0 0
3 5 137 5 3 2 CG 3.68 1.50 1 1 1 4 2 0 0 0
3 5 138 4 3 1 CST 10.38 1.78 1 2 2 17 9 0 0 0
3 5 139 3 3 3 CC 23.17 3.40 1 2 2 23 12 0 0 0
3 5 140 1 3 5 ILF 4.53 2.12 1 1 1 32 15 0 0 0
3 5 141 2 2 1 CST 8.80 1.45 1 2 2 51 26 0 0 0
3 5 142 5 2 3 CC 22.21 1.66 1 2 2 19 10 0 0 0
3 5 143 4 2 5 ILF 8.39 1.15 1 2 2 16 8 0 0 0
3 5 144 3 2 4 IFO 11.36 1.42 0 1 2 17 7 0 0 0
3 5 145 1 2 2 CG 9.64 1.66 1 1 1 41 20 0 0 0
3 5 146 2 2 2 CG 5.88 1.91 1 1 1 10 5 0 0 0
3 5 147 5 2 5 ILF 5.07 1.19 1 1 1 14 6 0 0 0
3 5 148 4 2 4 IFO 14.01 1.53 1 2 2 13 5 0 0 0
3 5 149 3 2 1 CST 4.38 0.90 1 2 2 38 19 0 0 0
3 5 150 1 2 3 CC 6.33 2.35 1 1 1 86 43 0 0 0
3 6 151 2 1 1 CST 9.89 1.71 1 2 2 2 5 0 0 0
3 6 152 5 1 2 CG 14.90 1.28 1 2 2 5 1 0 0 0
3 6 153 4 1 3 CC 8.77 1.59 1 1 1 4 4 0 0 0
3 6 154 3 1 3 CC 13.48 2.06 0 1 2 3 4 0 0 0
3 6 155 1 1 1 CST 14.31 2.59 1 1 1 1 1 0 0 0
3 6 156 2 1 1 CST 8.75 2.42 1 1 1 2 2 0 0 0
3 6 157 5 1 3 CC 6.33 1.76 1 1 1 5 5 0 0 0
3 6 158 4 1 1 CST 6.07 2.50 1 2 2 4 1 0 0 0
3 6 159 3 1 2 CG 6.47 2.17 0 1 2 3 4 0 0 0
3 6 160 1 1 3 CC 10.59 2.40 1 1 1 1 1 0 0 0
3 6 161 2 3 3 CC 4.84 4.84 0 1 2 2 3 0 0 0
3 6 162 5 3 2 CG 3.81 3.61 1 1 1 5 5 0 0 0
3 6 163 4 3 1 CST 5.28 2.48 1 1 1 4 4 0 0 0
3 6 164 3 3 3 CC 6.38 4.05 1 2 2 3 1 0 0 0
3 6 165 1 3 1 CST 6.11 2.60 1 2 2 1 3 0 0 0
3 6 166 2 3 3 CC 7.20 1.67 0 1 2 2 3 0 0 0
3 6 167 5 3 2 CG 5.04 2.71 1 2 2 5 2 0 0 0
3 6 168 4 3 1 CST 4.78 1.45 1 1 1 4 4 0 0 0
3 6 169 3 3 3 CC 4.79 2.34 0 1 2 3 5 0 0 0
3 6 170 1 3 1 CST 5.27 1.58 1 2 2 1 3 0 0 0
3 6 171 2 2 2 CG 6.46 3.54 1 2 2 2 4 0 0 0
3 6 172 5 2 3 CC 5.81 1.82 1 1 1 5 5 0 0 0
3 6 173 4 2 1 CST 8.01 3.64 1 2 2 4 1 0 0 0
3 6 174 3 2 1 CST 10.14 1.34 1 1 1 3 3 0 0 0
3 6 175 1 2 3 CC 4.68 1.40 1 2 2 1 5 0 0 0
3 6 176 2 2 3 CC 22.02 1.47 1 2 2 2 3 0 0 0
3 6 177 5 2 3 CC 6.32 6.12 1 2 2 5 4 0 0 0
3 6 178 4 2 1 CST 12.40 2.62 1 1 1 4 4 0 0 0
3 6 179 3 2 2 CG 8.06 1.89 1 2 2 3 5 0 0 0
3 6 180 1 2 1 CST 11.95 2.07 1 1 1 1 1 0 0 0
4 1 1 1 1 4 IFO 13.55 1.48 1 3 3 0.089986 0.202400 117 0.292386 143
4 1 2 4 1 1 CST 40.98 1.38 0 3 2 0.011242 0.225841 22 0.214599 142
4 1 3 2 1 2 CG 14.49 1.46 1 2 2 0.022129 0.214003 41 0.191875 51
4 1 4 5 1 5 ILF 4.57 1.19 1 2 2 0.123699 0.379777 32 0.256078 42
4 1 5 3 1 3 CC 23.04 1.58 1 3 3 0.064932 0.337284 68 0.402217 101
4 1 6 1 1 3 CC 18.74 5.16 1 2 2 0.174784 0.347311 147 0.172527 79
4 1 7 4 1 4 IFO 16.15 1.35 1 3 3 0.117386 0.210381 46 0.327768 51
4 1 8 2 1 2 CG 17.22 1.59 1 2 2 0.079956 0.257620 114 0.177664 52
4 1 9 5 1 5 ILF 13.60 1.57 1 2 2 0.128247 0.394370 19 0.266123 31
4 1 10 3 1 1 CST 11.70 0.92 1 2 2 0.062302 0.258226 55 0.195924 15
4 1 11 1 3 1 CST 16.82 1.05 1 3 3 0.066095 0.178624 74 0.244718 98
4 1 12 4 3 5 ILF 8.72 1.00 1 2 2 0.174568 0.468940 10 0.294372 14
4 1 13 2 3 3 CC 39.73 1.18 1 3 3 0.020564 0.349781 74 0.370345 118
4 1 14 5 3 2 CG 8.24 0.86 1 2 2 0.060391 0.208729 3 0.148337 1
4 1 15 3 3 4 IFO 4.92 1.04 1 3 3 0.085497 0.200806 31 0.286302 13
4 1 16 1 3 4 IFO 6.59 1.29 1 3 3 0.025840 0.247772 25 0.273612 17
4 1 17 4 3 2 CG 4.22 1.00 1 2 2 0.160786 0.286801 2 0.126015 1
4 1 18 2 3 3 CC 15.68 1.71 1 2 2 0.199576 0.382308 67 0.182732 43
4 1 19 5 3 1 CST 18.00 1.51 1 2 2 0.054925 0.328146 8 0.273221 11
4 1 20 3 3 5 ILF 6.84 0.85 1 2 2 0.206989 0.481930 14 0.274942 25
4 1 21 1 2 3 CC 31.80 1.22 0 2 3 0.062630 0.323016 125 0.385646 207
4 1 22 4 2 4 IFO 7.73 1.12 1 3 3 0.110085 0.212555 38 0.322640 42
4 1 23 2 2 2 CG 22.23 0.77 1 2 2 0.022648 0.214584 41 0.191936 52
4 1 24 5 2 5 ILF 12.33 1.21 1 2 2 0.124534 0.380473 32 0.255939 41
4 1 25 3 2 1 CST 8.23 1.40 0 2 3 0.038877 0.215248 72 0.254125 8
4 1 26 1 2 1 CST 13.39 1.26 1 2 2 0.131271 0.345843 18 0.214572 31
4 1 27 4 2 3 CC 14.69 2.14 1 2 2 0.169492 0.353727 55 0.184235 27
4 1 28 2 2 4 IFO 10.90 1.10 1 3 3 0.117011 0.213336 99 0.330347 95
4 1 29 5 2 2 CG 5.66 1.70 1 2 2 0.036410 0.237712 27 0.201303 20
4 1 30 3 2 5 ILF 11.99 1.10 1 2 2 0.121723 0.377593 52 0.255870 64
4 2 31 1 1 3 CC 51.38 1.36 0 1 3 22 0 0 0 0
4 2 32 4 1 4 IFO 34.91 1.74 1 2 2 12 0 0 0 0
4 2 33 2 1 5 ILF 61.18 1.26 0 1 2 15 0 0 0 0
4 2 34 5 1 2 CG 23.92 1.48 1 2 2 3 0 0 0 0
4 2 35 3 1 1 CST 47.08 0.98 1 3 3 22 0 0 0 0
4 2 36 1 1 2 CG 60.35 1.86 1 1 1 12 0 0 0 0
4 2 37 4 1 1 CST 25.14 1.34 1 3 3 14 0 0 0 0
4 2 38 2 1 4 IFO 23.29 1.01 1 2 2 11 0 0 0 0
4 2 39 5 1 3 CC 21.52 1.15 1 1 1 10 0 0 0 0
4 2 40 3 1 5 ILF 30.10 1.49 1 3 3 19 0 0 0 0
4 2 41 1 3 2 CG 6.96 1.25 1 1 1 11 0 0 0 0
4 2 42 4 3 5 ILF 15.71 1.91 1 2 2 8 0 0 0 0
4 2 43 2 3 1 CST 9.53 0.88 1 2 2 44 0 0 0 0
4 2 44 5 3 3 CC 27.95 1.08 1 1 1 10 0 0 0 0
4 2 45 3 3 4 IFO 12.76 2.17 1 3 3 13 0 0 0 0
4 2 46 1 3 4 IFO 25.21 1.85 0 1 3 12 0 0 0 0
4 2 47 4 3 5 ILF 9.34 1.30 1 2 2 10 0 0 0 0
4 2 48 2 3 2 CG 16.63 0.89 1 2 2 8 0 0 0 0
4 2 49 5 3 3 CC 27.16 1.29 0 2 1 10 0 0 0 0
4 2 50 3 3 1 CST 13.85 1.00 1 3 3 16 0 0 0 0
4 2 51 1 2 3 CC 41.85 0.54 1 3 3 22 0 0 0 0
4 2 52 4 2 5 ILF 14.01 1.34 1 2 2 9 0 0 0 0
4 2 53 2 2 1 CST 41.68 1.27 1 2 2 44 0 0 0 0
4 2 54 5 2 2 CG 6.28 1.07 1 2 2 3 0 0 0 0
4 2 55 3 2 4 IFO 19.54 1.08 0 2 3 13 0 0 0 0
4 2 56 1 2 3 CC 20.16 1.42 0 2 3 30 0 0 0 0
4 2 57 4 2 1 CST 16.83 1.06 1 3 3 14 0 0 0 0
4 2 58 2 2 5 ILF 33.49 1.38 0 1 2 18 0 0 0 0
4 2 59 5 2 4 IFO 14.48 0.89 1 3 3 4 0 0 0 0
4 2 60 3 2 2 CG 20.76 1.19 1 2 2 8 0 0 0 0
4 3 61 1 1 5 ILF 27.71 0.88 1 5 5 31 0 0 0 0
4 3 62 4 1 1 CST 6.42 1.64 1 1 1 57 0 0 0 0
4 3 63 2 1 3 CC 6.41 3.35 1 3 3 46 0 0 0 0
4 3 64 5 1 2 CG 9.57 2.60 1 2 2 5 0 0 0 0
4 3 65 3 1 4 IFO 17.32 3.69 0 5 4 19 0 0 0 0
4 3 66 1 1 4 IFO 7.20 1.76 0 5 4 34 0 0 0 0
4 3 67 4 1 5 ILF 21.31 1.28 1 5 5 18 0 0 0 0
4 3 68 2 1 3 CC 5.15 2.26 1 3 3 243 0 0 0 0
4 3 69 5 1 2 CG 3.60 1.21 1 2 2 6 0 0 0 0
4 3 70 3 1 1 CST 6.77 1.06 1 1 1 55 0 0 0 0
4 3 71 1 3 4 IFO 10.94 1.85 1 4 4 33 0 0 0 0
4 3 72 4 3 2 CG 3.93 2.44 1 2 2 7 0 0 0 0
4 3 73 2 3 1 CST 3.88 0.97 1 1 1 142 0 0 0 0
4 3 74 5 3 3 CC 3.09 0.75 1 3 3 19 0 0 0 0
4 3 75 3 3 5 ILF 29.75 1.22 1 5 5 23 0 0 0 0
4 3 76 1 3 3 CC 2.46 1.03 1 3 3 323 0 0 0 0
4 3 77 4 3 4 IFO 4.83 0.88 1 4 4 18 0 0 0 0
4 3 78 2 3 1 CST 3.66 1.03 1 1 1 88 0 0 0 0
4 3 79 5 3 2 CG 2.38 0.73 1 2 2 6 0 0 0 0
4 3 80 3 3 5 ILF 6.67 1.55 1 5 5 27 0 0 0 0
4 3 81 1 2 1 CST 4.44 1.01 1 1 1 236 0 0 0 0
4 3 82 4 2 2 CG 6.81 1.26 1 2 2 7 0 0 0 0
4 3 83 2 2 3 CC 2.77 1.29 1 3 3 46 0 0 0 0
4 3 84 5 2 5 ILF 17.18 1.19 1 5 5 11 0 0 0 0
4 3 85 3 2 4 IFO 16.04 3.27 1 4 4 19 0 0 0 0
4 3 86 1 2 5 ILF 7.59 0.99 1 5 5 38 0 0 0 0
4 3 87 4 2 3 CC 5.81 1.25 1 3 3 125 0 0 0 0
4 3 88 2 2 2 CG 3.20 1.18 1 2 2 33 0 0 0 0
4 3 89 5 2 1 CST 4.38 1.78 1 1 1 21 0 0 0 0
4 3 90 3 2 4 IFO 16.91 1.83 1 4 4 23 0 0 0 0
4 4 91 1 1 2 CG 32.71 0.65 0 0 1 342.824814 15.378211 118 0 0
4 4 92 4 1 1 CST 46.97 0.42 0 0 1 344.765854 17.130038 47 0 0
4 4 93 2 1 5 ILF 7.97 1.08 0 0 1 116.106525 31.030435 132 0 0
4 4 94 5 1 3 CC 18.81 2.10 1 1 1 48.381455 25.548268 35 0 0
4 4 95 3 1 4 IFO 11.67 0.98 0 0 1 72.774873 29.424623 25 0 0
4 4 96 1 1 4 IFO 22.10 0.98 0 0 1 127.701154 28.643363 108 0 0
4 4 97 4 1 1 CST 26.64 0.79 1 1 1 68.357183 25.123905 101 0 0
4 4 98 2 1 2 CG 110.18 0.73 0 0 1 767.597998 12.858325 33 0 0
4 4 99 5 1 5 ILF 17.20 0.61 0 0 1 71.201214 33.082050 51 0 0
4 4 100 3 1 3 CC 7.59 0.87 0 0 1 70.660133 22.274494 45 0 0
4 4 101 1 3 5 ILF 2.93 0.91 1 1 1 144.603587 31.030433 29 0 0
4 4 102 4 3 1 CST 5.26 0.65 1 1 1 60.25193 17.130038 26 0 0
4 4 103 2 3 3 CC 43.53 0.51 0 0 1 914.841777 25.548267 25 0 0
4 4 104 5 3 4 IFO 3.76 0.30 0 0 1 69.935691 29.424625 6 0 0
4 4 105 3 3 2 CG 13.90 0.90 1 1 1 44.863207 15.378211 6 0 0
4 4 106 1 3 3 CC 6.69 1.03 1 1 1 43.212679 22.274492 81 0 0
4 4 107 4 3 5 ILF 4.13 0.80 1 1 1 107.572249 33.082050 14 0 0
4 4 108 2 3 2 CG 3.78 0.86 0 0 1 64.124481 12.858325 11 0 0
4 4 109 5 3 1 CST 4.00 0.21 0 0 1 81.835046 25.123905 18 0 0
4 4 110 3 3 4 IFO 2.46 0.74 1 1 1 99.069797 28.643362 31 0 0
4 4 111 1 2 2 CG 33.38 0.75 0 0 1 295.790529 15.378211 55 0 0
4 4 112 4 2 4 IFO 13.48 0.38 1 1 1 50.584339 29.424623 24 0 0
4 4 113 2 2 3 CC 62.45 0.83 0 0 1 645.993636 25.548268 94 0 0
4 4 114 5 2 5 ILF 5.59 0.67 0 0 1 104.321209 31.030435 34 0 0
4 4 115 3 2 1 CST 9.75 0.88 0 0 1 65.990286 17.130037 40 0 0
4 4 116 1 2 1 CST 10.98 1.00 1 1 1 84.357901 25.123904 408 0 0
4 4 117 4 2 2 CG 26.18 1.12 0 0 1 248.100813 12.858325 18 0 0
4 4 118 2 2 3 CC 9.63 1.14 0 0 1 166.799299 22.274493 67 0 0
4 4 119 5 2 5 ILF 8.23 0.78 0 0 1 114.674463 33.082050 16 0 0
4 4 120 3 2 4 IFO 21.83 0.85 0 0 1 142.242129 28.643363 58 0 0
4 5 121 1 1 2 CG 8.86 0.86 1 1 1 41 20 0 0 0
4 5 122 4 1 5 ILF 10.58 1.34 1 1 1 16 8 0 0 0
4 5 123 2 1 4 IFO 8.84 1.90 1 1 1 23 10 0 0 0
4 5 124 5 1 3 CC 8.39 1.46 1 1 1 19 10 0 0 0
4 5 125 3 1 1 CST 6.65 1.25 1 2 2 26 13 0 0 0
4 5 126 1 1 3 CC 15.71 2.02 1 1 1 86 43 0 0 0
4 5 127 4 1 1 CST 4.23 1.35 1 2 2 21 11 0 0 0
4 5 128 2 1 2 CG 16.72 1.46 1 1 1 10 5 0 0 0
4 5 129 5 1 5 ILF 4.03 0.97 1 2 2 14 6 0 0 0
4 5 130 3 1 4 IFO 5.83 0.95 1 1 1 15 7 0 0 0
4 5 131 1 3 2 CG 4.72 0.81 1 1 1 26 13 0 0 0
4 5 132 4 3 4 IFO 7.07 1.51 1 1 1 13 6 0 0 0
4 5 133 2 3 3 CC 5.58 1.17 1 1 1 32 16 0 0 0
4 5 134 5 3 1 CST 3.54 1.66 1 1 1 16 8 0 0 0
4 5 135 3 3 5 ILF 4.32 1.34 1 2 2 25 12 0 0 0
4 5 136 1 3 3 CC 4.16 1.43 1 1 1 26 13 0 0 0
4 5 137 4 3 1 CST 3.95 1.06 1 2 2 17 9 0 0 0
4 5 138 2 3 4 IFO 12.14 1.50 1 1 1 18 9 0 0 0
4 5 139 5 3 5 ILF 6.02 1.58 1 2 2 12 6 0 0 0
4 5 140 3 3 2 CG 5.41 1.49 1 1 1 9 5 0 0 0
4 5 141 1 2 2 CG 7.36 1.04 1 1 1 41 20 0 0 0
4 5 142 4 2 5 ILF 9.16 1.95 0 2 1 16 8 0 0 0
4 5 143 2 2 3 CC 4.27 1.29 1 1 1 82 41 0 0 0
4 5 144 5 2 1 CST 4.97 1.55 1 1 1 16 8 0 0 0
4 5 145 3 2 4 IFO 10.39 1.10 1 2 2 17 7 0 0 0
4 5 146 1 2 5 ILF 10.02 2.05 1 1 1 40 19 0 0 0
4 5 147 4 2 4 IFO 5.86 1.64 1 2 2 13 5 0 0 0
4 5 148 2 2 1 CST 7.66 1.42 1 1 1 38 19 0 0 0
4 5 149 5 2 3 CC 10.48 1.08 1 2 2 29 15 0 0 0
4 5 150 3 2 2 CG 4.16 1.70 1 1 1 10 5 0 0 0
4 6 151 1 1 1 CST 21.27 1.72 1 2 2 1 3 0 0 0
4 6 152 4 1 3 CC 20.86 2.17 1 1 1 4 4 0 0 0
4 6 153 2 1 2 CG 18.99 1.87 1 2 2 2 3 0 0 0
4 6 154 5 1 1 CST 15.64 1.13 1 1 1 5 5 0 0 0
4 6 155 3 1 3 CC 13.59 3.02 1 1 1 3 3 0 0 0
4 6 156 1 1 2 CG 23.28 3.49 1 1 1 1 1 0 0 0
4 6 157 4 1 1 CST 8.60 1.48 1 2 2 4 5 0 0 0
4 6 158 2 1 3 CC 7.13 1.61 1 2 2 2 5 0 0 0
4 6 159 5 1 3 CC 9.93 2.03 1 1 1 5 5 0 0 0
4 6 160 3 1 1 CST 13.15 2.23 1 2 2 3 4 0 0 0
4 6 161 1 3 1 CST 10.41 2.24 1 2 2 1 3 0 0 0
4 6 162 4 3 2 CG 4.65 1.61 1 2 2 4 1 0 0 0
4 6 163 2 3 3 CC 32.97 1.75 1 2 2 2 3 0 0 0
4 6 164 5 3 3 CC 8.06 1.77 1 2 2 5 3 0 0 0
4 6 165 3 3 1 CST 7.27 1.80 1 2 2 3 1 0 0 0
4 6 166 1 3 1 CST 27.34 1.64 1 2 2 1 5 0 0 0
4 6 167 4 3 1 CST 13.89 2.06 1 2 2 4 2 0 0 0
4 6 168 2 3 3 CC 16.42 2.94 1 1 1 2 2 0 0 0
4 6 169 5 3 3 CC 14.93 1.53 1 2 2 5 1 0 0 0
4 6 170 3 3 2 CG 10.57 1.38 1 1 1 3 3 0 0 0
4 6 171 1 2 1 CST 17.13 1.80 1 2 2 1 2 0 0 0
4 6 172 4 2 3 CC 7.57 1.60 1 2 2 4 2 0 0 0
4 6 173 2 2 1 CST 13.67 1.87 1 2 2 2 3 0 0 0
4 6 174 5 2 2 CG 8.17 1.45 1 2 2 5 4 0 0 0
4 6 175 3 2 3 CC 13.89 1.90 1 2 2 3 2 0 0 0
4 6 176 1 2 1 CST 13.20 1.59 1 1 1 1 1 0 0 0
4 6 177 4 2 3 CC 11.55 1.74 1 2 2 4 3 0 0 0
4 6 178 2 2 1 CST 24.47 1.89 1 2 2 2 1 0 0 0
4 6 179 5 2 2 CG 28.66 1.86 1 2 2 5 2 0 0 0
4 6 180 3 2 3 CC 52.41 2.32 1 2 2 3 4 0 0 0
5 1 1 3 1 3 CC 41.70 4.51 1 3 3 0.064932 0.337284 68 0.402217 101
5 1 2 2 1 5 ILF 21.97 2.52 1 2 2 0.129639 0.377472 102 0.247833 164
5 1 3 1 1 1 CST 41.51 1.38 0 1 3 0.023199 0.190485 189 0.213683 441
5 1 4 4 1 2 CG 27.10 2.38 0 1 2 0.013783 0.226457 33 0.212674 36
5 1 5 5 1 4 IFO 10.19 2.68 1 3 3 0.130096 0.183878 24 0.313974 32
5 1 6 3 1 5 ILF 17.85 2.33 1 2 2 0.121962 0.377767 51 0.255806 64
5 1 7 2 1 3 CC 26.66 2.60 1 2 2 0.165807 0.345571 97 0.179764 52
5 1 8 1 1 2 CG 25.98 1.80 0 1 2 0.056719 0.247650 155 0.190931 105
5 1 9 4 1 1 CST 33.14 2.60 1 2 2 0.072497 0.352947 54 0.280450 39
5 1 10 5 1 4 IFO 18.04 2.74 1 3 3 0.074520 0.241066 20 0.315585 34
5 1 11 3 3 5 ILF 13.86 3.14 1 2 2 0.196849 0.489367 21 0.292518 25
5 1 12 2 3 2 CG 39.43 1.43 0 1 2 0.019827 0.211470 20 0.191642 11
5 1 13 1 3 1 CST 41.83 1.05 1 3 3 0.066095 0.178624 74 0.244718 98
5 1 14 4 3 4 IFO 15.71 1.87 1 3 3 0.073409 0.206517 25 0.279926 11
5 1 15 5 3 3 CC 29.72 1.72 1 3 3 0.059562 0.343223 30 0.402785 42
5 1 16 3 3 3 CC 22.35 1.79 1 2 2 0.202508 0.376490 49 0.173982 33
5 1 17 2 3 4 IFO 30.82 3.76 0 1 3 0.032155 0.234408 20 0.266563 15
5 1 18 1 3 5 ILF 13.04 3.91 1 2 2 0.175807 0.450275 18 0.274468 31
5 1 19 4 3 1 CST 25.79 1.30 1 2 2 0.102344 0.361477 16 0.259134 13
5 1 20 5 3 2 CG 17.35 1.36 1 2 2 0.115463 0.264165 4 0.148703 2
5 1 21 3 2 5 ILF 19.67 1.98 1 2 2 0.144626 0.398147 69 0.253521 110
5 1 22 2 2 3 CC 32.02 1.89 1 3 3 0.075257 0.320379 95 0.395636 148
5 1 23 1 2 1 CST 32.21 2.21 0 1 3 0.041798 0.198220 178 0.240018 42
5 1 24 4 2 2 CG 27.62 1.88 1 2 2 0.013731 0.226572 33 0.212841 36
5 1 25 5 2 4 IFO 22.34 2.46 1 3 3 0.140878 0.183878 24 0.324756 29
5 1 26 3 2 3 CC 23.03 1.30 1 2 2 0.169738 0.347589 66 0.177851 35
5 1 27 2 2 2 CG 24.38 0.81 1 2 2 0.075850 0.255905 121 0.180055 62
5 1 28 1 2 4 IFO 52.59 2.12 1 3 3 0.107882 0.209917 139 0.317798 134
5 1 29 4 2 1 CST 24.06 3.93 1 3 3 0.020157 0.323999 4 0.344157 11
5 1 30 5 2 5 ILF 11.05 2.04 1 2 2 0.127394 0.393719 19 0.266324 31
5 2 31 3 1 4 IFO 73.07 1.91 1 3 3 13 0 0 0 0
5 2 32 2 1 1 CST 71.39 0.64 0 1 2 44 0 0 0 0
5 2 33 1 1 5 ILF 57.06 1.55 1 2 2 20 0 0 0 0
5 2 34 4 1 2 CG 35.07 1.78 1 1 1 4 0 0 0 0
5 2 35 5 1 3 CC 51.62 1.53 1 1 1 10 0 0 0 0
5 2 36 3 1 2 CG 40.86 2.23 1 2 2 8 0 0 0 0
5 2 37 2 1 1 CST 91.03 1.02 0 3 2 40 0 0 0 0
5 2 38 1 1 3 CC 42.46 1.41 1 3 3 30 0 0 0 0
5 2 39 4 1 4 IFO 43.25 0.86 0 3 2 5 0 0 0 0
5 2 40 5 1 5 ILF 57.30 1.36 0 2 3 9 0 0 0 0
5 2 41 3 3 1 CST 28.18 3.22 1 3 3 22 0 0 0 0
5 2 42 2 3 4 IFO 18.60 1.11 1 2 2 17 0 0 0 0
5 2 43 1 3 5 ILF 40.93 1.55 1 2 2 20 0 0 0 0
5 2 44 4 3 2 CG 18.23 1.77 1 1 1 4 0 0 0 0
5 2 45 5 3 3 CC 34.47 1.92 1 1 1 10 0 0 0 0
5 2 46 3 3 2 CG 30.41 1.71 1 2 2 5 0 0 0 0
5 2 47 2 3 3 CC 52.79 1.49 1 2 2 21 0 0 0 0
5 2 48 1 3 5 ILF 27.64 1.88 0 3 2 22 0 0 0 0
5 2 49 4 3 1 CST 20.22 1.13 1 3 3 14 0 0 0 0
5 2 50 5 3 4 IFO 35.90 0.95 1 3 3 4 0 0 0 0
5 2 51 3 2 2 CG 37.20 1.44 1 2 2 8 0 0 0 0
5 2 52 2 2 5 ILF 47.99 1.82 1 2 2 15 0 0 0 0
5 2 53 1 2 1 CST 48.68 1.34 0 1 2 72 0 0 0 0
5 2 54 4 2 3 CC 26.35 0.86 1 3 3 8 0 0 0 0
5 2 55 5 2 4 IFO 39.83 1.71 1 3 3 7 0 0 0 0
5 2 56 3 2 5 ILF 86.78 1.06 0 2 3 19 0 0 0 0
5 2 57 2 2 3 CC 30.89 2.06 1 2 2 21 0 0 0 0
5 2 58 1 2 4 IFO 57.27 1.95 0 2 3 12 0 0 0 0
5 2 59 4 2 1 CST 49.41 0.92 1 3 3 14 0 0 0 0
5 2 60 5 2 2 CG 23.32 1.69 1 2 2 5 0 0 0 0
5 3 61 3 1 4 IFO 44.52 1.54 1 4 4 19 0 0 0 0
5 3 62 2 1 1 CST 84.23 1.41 0 2 1 145 0 0 0 0
5 3 63 1 1 5 ILF 69.43 1.55 0 4 5 31 0 0 0 0
5 3 64 4 1 2 CG 31.86 1.07 1 2 2 7 0 0 0 0
5 3 65 5 1 3 CC 17.13 2.64 1 3 3 19 0 0 0 0
5 3 66 3 1 5 ILF 39.61 2.05 1 5 5 27 0 0 0 0
5 3 67 2 1 2 CG 18.97 0.98 1 2 2 33 0 0 0 0
5 3 68 1 1 1 CST 19.58 2.44 1 1 1 137 0 0 0 0
5 3 69 4 1 4 IFO 34.09 1.40 1 4 4 18 0 0 0 0
5 3 70 5 1 3 CC 13.62 1.85 1 3 3 73 0 0 0 0
5 3 71 3 3 5 ILF 29.65 2.17 1 5 5 23 0 0 0 0
5 3 72 2 3 1 CST 24.45 1.64 1 1 1 142 0 0 0 0
5 3 73 1 3 2 CG 11.68 2.26 1 2 2 35 0 0 0 0
5 3 74 4 3 4 IFO 26.14 3.98 1 4 4 18 0 0 0 0
5 3 75 5 3 3 CC 11.42 2.23 1 3 3 19 0 0 0 0
5 3 76 3 3 4 IFO 21.09 1.90 1 4 4 23 0 0 0 0
5 3 77 2 3 3 CC 9.62 2.36 1 3 3 240 0 0 0 0
5 3 78 1 3 2 CG 14.15 1.82 1 2 2 44 0 0 0 0
5 3 79 4 3 5 ILF 12.77 0.76 1 5 5 18 0 0 0 0
5 3 80 5 3 1 CST 12.81 1.85 1 1 1 10 0 0 0 0
5 3 81 3 2 2 CG 8.17 2.54 1 2 2 19 0 0 0 0
5 3 82 2 2 4 IFO 29.90 2.15 1 4 4 20 0 0 0 0
5 3 83 1 2 3 CC 12.30 2.14 1 3 3 60 0 0 0 0
5 3 84 4 2 5 ILF 16.52 1.53 1 5 5 14 0 0 0 0
5 3 85 5 2 1 CST 12.54 1.35 1 1 1 26 0 0 0 0
5 3 86 3 2 5 ILF 15.83 2.92 1 5 5 27 0 0 0 0
5 3 87 2 2 1 CST 10.64 0.97 1 1 1 97 0 0 0 0
5 3 88 1 2 2 CG 10.60 3.24 1 2 2 44 0 0 0 0
5 3 89 4 2 3 CC 6.72 2.06 1 3 3 125 0 0 0 0
5 3 90 5 2 4 IFO 12.03 3.35 1 4 4 11 0 0 0 0
5 4 91 3 1 3 CC 154.56 1.45 0 0 1 409.313014 25.548269 85 0 0
5 4 92 2 1 4 IFO 74.81 0.58 0 0 1 139.288705 29.424623 48 0 0
5 4 93 1 1 5 ILF 26.56 0.31 0 0 1 368.246997 31.030434 127 0 0
5 4 94 4 1 2 CG 65.16 0.98 1 1 1 61.598852 15.378211 29 0 0
5 4 95 5 1 1 CST 16.44 1.22 0 0 1 141.675557 17.130037 29 0 0
5 4 96 3 1 1 CST 17.74 2.60 0 0 1 98.771598 25.123905 164 0 0
5 4 97 2 1 5 ILF 127.93 0.88 0 0 1 368.635324 33.082050 233 0 0
5 4 98 1 1 3 CC 60.77 1.53 0 0 1 65.39709 22.274492 84 0 0
5 4 99 4 1 2 CG 31.62 1.82 1 1 1 26.128804 12.858325 22 0 0
5 4 100 5 1 4 IFO 38.78 0.37 0 0 1 151.514989 28.643363 26 0 0
5 4 101 3 3 1 CST 13.53 1.83 1 1 1 37.251912 17.130038 41 0 0
5 4 102 2 3 5 ILF 7.42 0.98 1 1 1 46.398972 31.030433 26 0 0
5 4 103 1 3 2 CG 20.94 0.76 1 1 1 8.431105 15.378211 13 0 0
5 4 104 4 3 4 IFO 4.56 1.70 1 1 1 52.970935 29.424624 13 0 0
5 4 105 5 3 3 CC 37.80 1.71 1 1 1 80.253068 25.548268 10 0 0
5 4 106 3 3 4 IFO 6.46 0.59 1 1 1 12.995364 28.643362 31 0 0
5 4 107 2 3 1 CST 10.41 1.18 1 1 1 30.710731 25.123904 118 0 0
5 4 108 1 3 5 ILF 7.42 0.66 1 1 1 160.237499 33.082050 32 0 0
5 4 109 4 3 2 CG 6.19 0.26 1 1 1 24.498187 12.858325 6 0 0
5 4 110 5 3 3 CC 12.94 1.14 1 1 1 66.740625 22.274492 19 0 0
5 4 111 3 2 1 CST 40.87 1.31 1 1 1 27.982844 17.130037 40 0 0
5 4 112 2 2 2 CG 40.45 3.18 1 1 1 52.164577 15.378211 37 0 0
5 4 113 1 2 3 CC 20.47 1.31 0 0 1 89.657342 25.548268 140 0 0
5 4 114 4 2 5 ILF 27.58 1.12 0 0 1 122.524342 31.030435 44 0 0
5 4 115 5 2 4 IFO 88.57 0.47 0 0 1 322.556482 29.424623 11 0 0
5 4 116 3 2 1 CST 31.98 1.70 1 1 1 95.129639 25.123904 148 0 0
5 4 117 2 2 2 CG 133.92 1.01 0 0 1 284.864454 12.858325 31 0 0
5 4 118 1 2 4 IFO 17.29 1.34 1 1 1 54.295267 28.643363 108 0 0
5 4 119 4 2 3 CC 92.65 1.30 1 1 1 44.101109 22.274493 27 0 0
5 4 120 5 2 5 ILF 48.70 1.30 1 1 1 16.863555 33.082050 16 0 0
5 5 121 3 1 1 CST 27.87 1.18 1 2 2 26 13 0 0 0
5 5 122 2 1 4 IFO 10.95 1.42 0 1 2 23 10 0 0 0
5 5 123 1 1 5 ILF 16.36 1.32 1 2 2 39 19 0 0 0
5 5 124 4 1 2 CG 13.63 1.97 1 2 2 11 4 0 0 0
5 5 125 5 1 3 CC 13.20 1.54 1 1 1 19 10 0 0 0
5 5 126 3 1 4 IFO 12.41 2.43 1 1 1 15 7 0 0 0
5 5 127 2 1 5 ILF 20.12 1.82 1 1 1 31 14 0 0 0
5 5 128 1 1 1 CST 28.44 1.21 1 2 2 61 31 0 0 0
5 5 129 4 1 3 CC 9.90 1.48 1 1 1 38 19 0 0 0
5 5 130 5 1 2 CG 14.26 2.90 1 1 1 4 2 0 0 0
5 5 131 3 3 5 ILF 6.48 1.54 1 2 2 25 12 0 0 0
5 5 132 2 3 1 CST 19.49 1.40 1 2 2 52 26 0 0 0
5 5 133 1 3 4 IFO 10.63 1.76 1 2 2 25 12 0 0 0
5 5 134 4 3 2 CG 11.65 1.63 1 2 2 7 3 0 0 0
5 5 135 5 3 3 CC 6.39 1.46 1 1 1 6 3 0 0 0
5 5 136 3 3 1 CST 14.24 1.50 1 1 1 34 17 0 0 0
5 5 137 2 3 4 IFO 16.72 2.10 1 1 1 18 9 0 0 0
5 5 138 1 3 3 CC 9.94 2.09 1 2 2 26 13 0 0 0
5 5 139 4 3 2 CG 10.00 1.78 1 1 1 5 2 0 0 0
5 5 140 5 3 5 ILF 8.72 1.80 1 1 1 12 6 0 0 0
5 5 141 3 2 4 IFO 19.03 1.89 1 2 2 17 7 0 0 0
5 5 142 2 2 2 CG 12.16 1.68 1 2 2 26 13 0 0 0
5 5 143 1 2 3 CC 11.66 2.24 1 2 2 137 69 0 0 0
5 5 144 4 2 5 ILF 18.79 1.70 0 1 2 16 8 0 0 0
5 5 145 5 2 1 CST 9.95 1.30 1 1 1 16 8 0 0 0
5 5 146 3 2 3 CC 13.48 2.06 1 1 1 47 24 0 0 0
5 5 147 2 2 1 CST 22.81 1.28 1 1 1 38 19 0 0 0
5 5 148 1 2 2 CG 19.44 1.83 1 2 2 13 6 0 0 0
5 5 149 4 2 5 ILF 13.53 2.14 1 1 1 18 9 0 0 0
5 5 150 5 2 4 IFO 19.82 2.21 1 1 1 8 3 0 0 0
5 6 151 3 1 3 CC 88.01 2.87 1 2 2 3 4 0 0 0
5 6 152 2 1 3 CC 41.39 1.71 1 2 2 2 4 0 0 0
5 6 153 1 1 2 CG 69.30 1.90 0 1 2 1 2 0 0 0
5 6 154 4 1 1 CST 63.78 1.34 1 1 1 4 4 0 0 0
5 6 155 5 1 1 CST 26.82 1.86 1 2 2 5 3 0 0 0
5 6 156 3 1 3 CC 51.89 2.17 1 1 1 3 3 0 0 0
5 6 157 2 1 1 CST 14.56 1.70 1 2 2 2 5 0 0 0
5 6 158 1 1 2 CG 58.42 2.58 0 1 2 1 2 0 0 0
5 6 159 4 1 3 CC 30.84 2.20 1 2 2 4 3 0 0 0
5 6 160 5 1 1 CST 25.02 1.63 1 2 2 5 3 0 0 0
5 6 161 3 3 3 CC 37.79 1.97 1 1 1 3 3 0 0 0
5 6 162 2 3 1 CST 14.35 1.58 1 2 2 2 5 0 0 0
5 6 163 1 3 2 CG 10.42 1.76 1 2 2 1 3 0 0 0
5 6 164 4 3 1 CST 13.64 1.98 1 1 1 4 4 0 0 0
5 6 165 5 3 3 CC 11.37 1.38 1 2 2 5 1 0 0 0
5 6 166 3 3 1 CST 18.94 3.21 1 2 2 3 1 0 0 0
5 6 167 2 3 2 CG 15.51 1.74 1 2 2 2 1 0 0 0
5 6 168 1 3 3 CC 11.48 1.28 1 2 2 1 4 0 0 0
5 6 169 4 3 1 CST 18.62 1.55 1 2 2 4 1 0 0 0
5 6 170 5 3 3 CC 12.69 2.03 1 2 2 5 1 0 0 0
5 6 171 3 2 3 CC 20.74 1.99 1 2 2 3 5 0 0 0
5 6 172 2 2 3 CC 17.17 2.05 1 2 2 2 5 0 0 0
5 6 173 1 2 2 CG 15.42 2.30 1 2 2 1 5 0 0 0
5 6 174 4 2 1 CST 25.76 1.58 1 2 2 4 1 0 0 0
5 6 175 5 2 1 CST 28.07 1.88 1 2 2 5 3 0 0 0
5 6 176 3 2 3 CC 19.24 1.87 1 2 2 3 5 0 0 0
5 6 177 2 2 1 CST 38.64 1.80 1 1 1 2 2 0 0 0
5 6 178 1 2 3 CC 16.31 1.42 1 2 2 1 3 0 0 0
5 6 179 4 2 1 CST 45.47 2.10 1 2 2 4 3 0 0 0
5 6 180 5 2 2 CG 25.43 1.84 1 2 2 5 3 0 0 0
