Pid Tid Torder Res Dcls Did Bname Time htime Correct Ans Key ec1 ec2 ec3 ec4 ec5 stereo
1 1 1 5 1 3 CC 19.32 6.35 1 3 3 0.104021 0.332082 31 0.436104 47 3
1 1 2 1 1 5 ILF 16.50 0.97 1 2 2 0.146700 0.386188 125 0.239488 257 3
1 1 3 3 1 4 IFO 12.19 1.80 1 3 3 0.104282 0.205176 64 0.309458 67 3
1 1 4 2 1 2 CG 20.63 0.97 0 1 2 0.022129 0.214003 41 0.191875 51 3
1 1 5 4 1 1 CST 23.67 0.98 0 3 2 0.011242 0.225841 22 0.214599 142 3
1 1 6 5 1 2 CG 12.89 1.64 0 1 2 0.033981 0.240476 25 0.206495 16 3
1 1 7 1 1 3 CC 22.81 1.93 1 2 2 0.174784 0.347311 147 0.172527 79 3
1 1 8 3 1 5 ILF 18.86 1.46 1 2 2 0.121962 0.377767 51 0.255806 64 3
1 1 9 2 1 1 CST 34.26 2.06 0 1 2 0.101418 0.259539 90 0.158121 16 3
1 1 10 4 1 4 IFO 12.80 1.56 1 3 3 0.117386 0.210381 46 0.327768 51 3
1 1 11 5 3 5 ILF 11.69 3.18 0 1 2 0.169177 0.462913 10 0.293737 12 3
1 1 12 1 3 2 CG 15.21 2.99 0 2 3 0.013941 0.221219 19 0.235160 6 3
1 1 13 3 3 3 CC 21.02 1.51 0 1 3 0.019670 0.360222 56 0.379892 82 3
1 1 14 2 3 1 CST 10.25 1.45 1 3 3 0.086931 0.172893 35 0.259824 68 3
1 1 15 4 3 4 IFO 28.67 1.78 0 1 3 0.073409 0.206517 25 0.279926 11 3
1 1 16 5 3 1 CST 30.48 1.40 0 1 2 0.054925 0.328146 8 0.273221 11 3
1 1 17 1 3 2 CG 6.74 1.23 1 2 2 0.107685 0.294773 16 0.187087 13 3
1 1 18 3 3 5 ILF 11.67 2.10 1 2 2 0.206989 0.481930 14 0.274942 25 3
1 1 19 2 3 4 IFO 23.94 1.62 0 1 3 0.032155 0.234408 20 0.266563 15 3
1 1 20 4 3 3 CC 8.98 1.96 1 2 2 0.198277 0.378055 40 0.179779 21 3
1 1 21 5 2 5 ILF 6.69 1.44 1 2 2 0.124534 0.380473 32 0.255939 41 3
1 1 22 1 2 4 IFO 8.45 0.86 1 3 3 0.104274 0.202460 117 0.306733 120 3
1 1 23 3 2 3 CC 11.43 1.10 0 1 3 0.064673 0.337143 68 0.401816 101 3
1 1 24 2 2 1 CST 7.86 1.22 0 2 3 0.058659 0.196300 83 0.254960 25 3
1 1 25 4 2 2 CG 23.72 1.48 0 1 2 0.013731 0.226572 33 0.212841 36 3
1 1 26 5 2 4 IFO 17.98 1.63 1 3 3 0.081953 0.240948 20 0.322901 31 3
1 1 27 1 2 1 CST 33.01 0.90 1 2 2 0.131271 0.345843 18 0.214572 31 3
1 1 28 3 2 2 CG 19.69 1.85 1 2 2 0.051473 0.256576 75 0.205104 49 3
1 1 29 2 2 3 CC 12.84 1.84 1 2 2 0.165620 0.345541 96 0.179921 52 3
1 1 30 4 2 5 ILF 20.89 1.76 1 2 2 0.126116 0.385434 31 0.259318 43 3
1 2 31 5 1 4 IFO 50.45 1.47 1 3 3 7 0 0 0 0 3
1 2 32 1 1 1 CST 26.42 1.32 1 2 2 72 0 0 0 0 3
1 2 33 3 1 3 CC 57.46 1.26 1 1 1 11 0 0 0 0 3
1 2 34 2 1 5 ILF 80.72 1.58 0 1 2 15 0 0 0 0 3
1 2 35 4 1 2 CG 32.40 1.29 1 1 1 4 0 0 0 0 3
1 2 36 5 1 1 CST 53.51 1.34 1 2 2 9 0 0 0 0 3
1 2 37 1 1 4 IFO 60.93 1.62 0 2 3 12 0 0 0 0 3
1 2 38 3 1 3 CC 25.83 1.33 1 1 1 15 0 0 0 0 3
1 2 39 2 1 5 ILF 55.58 1.44 1 2 2 18 0 0 0 0 3
1 2 40 4 1 2 CG 75.19 1.73 0 3 1 5 0 0 0 0 3
1 2 41 5 3 4 IFO 19.53 0.83 1 3 3 7 0 0 0 0 3
1 2 42 1 3 5 ILF 25.28 1.13 1 2 2 20 0 0 0 0 3
1 2 43 3 3 2 CG 27.81 2.13 1 2 2 6 0 0 0 0 3
1 2 44 2 3 3 CC 23.10 1.26 1 2 2 13 0 0 0 0 3
1 2 45 4 3 1 CST 24.18 1.22 1 3 3 10 0 0 0 0 3
1 2 46 5 3 2 CG 9.15 1.02 1 2 2 3 0 0 0 0 3
1 2 47 1 3 5 ILF 29.03 1.93 0 3 2 22 0 0 0 0 3
1 2 48 3 3 4 IFO 9.96 1.40 1 3 3 6 0 0 0 0 3
1 2 49 2 3 1 CST 18.18 1.09 0 1 2 40 0 0 0 0 3
1 2 50 4 3 3 CC 11.99 0.82 1 3 3 12 0 0 0 0 3
1 2 51 5 2 5 ILF 28.71 1.79 1 3 3 7 0 0 0 0 3
1 2 52 1 2 2 CG 37.95 1.30 1 1 1 21 0 0 0 0 3
1 2 53 3 2 3 CC 19.29 1.31 1 1 1 11 0 0 0 0 3
1 2 54 2 2 1 CST 73.15 1.77 0 1 2 44 0 0 0 0 3
1 2 55 4 2 4 IFO 24.97 1.43 0 1 2 12 0 0 0 0 3
1 2 56 5 2 5 ILF 31.61 1.84 1 3 3 9 0 0 0 0 3
1 2 57 1 2 1 CST 44.52 2.20 0 1 2 62 0 0 0 0 3
1 2 58 3 2 2 CG 32.80 1.48 0 3 2 8 0 0 0 0 3
1 2 59 2 2 4 IFO 54.86 1.48 1 2 2 11 0 0 0 0 3
1 2 60 4 2 3 CC 10.06 1.35 1 3 3 12 0 0 0 0 3
1 3 61 5 1 1 CST 50.74 3.16 0 4 1 26 0 0 0 0 3
1 3 62 1 1 5 ILF 611.49 587.93 1 5 5 31 0 0 0 0 3
1 3 63 3 1 4 IFO 46.30 4.01 0 2 4 19 0 0 0 0 3
1 3 64 2 1 3 CC 17.99 14.43 1 3 3 46 0 0 0 0 3
1 3 65 4 1 2 CG 49.62 2.35 0 5 2 7 0 0 0 0 3
1 3 66 5 1 5 ILF 28.96 1.28 1 5 5 12 0 0 0 0 3
1 3 67 1 1 2 CG 14.70 1.50 1 2 2 44 0 0 0 0 3
1 3 68 3 1 3 CC 3.89 1.30 1 3 3 188 0 0 0 0 3
1 3 69 2 1 4 IFO 26.64 1.78 1 4 4 29 0 0 0 0 3
1 3 70 4 1 1 CST 63.75 1.27 0 2 1 41 0 0 0 0 3
1 3 71 5 3 1 CST 38.39 3.06 0 4 1 16 0 0 0 0 3
1 3 72 1 3 2 CG 8.53 1.31 1 2 2 35 0 0 0 0 3
1 3 73 3 3 5 ILF 3.72 1.70 1 5 5 23 0 0 0 0 3
1 3 74 2 3 3 CC 2.56 1.08 1 3 3 46 0 0 0 0 3
1 3 75 4 3 4 IFO 5.96 3.62 1 4 4 18 0 0 0 0 3
1 3 76 5 3 5 ILF 2.72 1.39 1 5 5 12 0 0 0 0 3
1 3 77 1 3 4 IFO 2.40 1.23 1 4 4 33 0 0 0 0 3
1 3 78 3 3 1 CST 10.84 4.11 0 2 1 47 0 0 0 0 3
1 3 79 2 3 2 CG 3.55 1.70 0 1 2 33 0 0 0 0 3
1 3 80 4 3 3 CC 2.76 1.46 1 3 3 124 0 0 0 0 3
1 3 81 5 2 2 CG 27.39 23.64 1 2 2 5 0 0 0 0 3
1 3 82 1 2 4 IFO 25.35 2.26 1 4 4 27 0 0 0 0 3
1 3 83 3 2 3 CC 2.55 1.19 1 3 3 29 0 0 0 0 3
1 3 84 2 2 1 CST 29.25 1.66 0 4 1 145 0 0 0 0 3
1 3 85 4 2 5 ILF 4.10 2.26 1 5 5 14 0 0 0 0 3
1 3 86 5 2 5 ILF 10.25 1.14 1 5 5 12 0 0 0 0 3
1 3 87 1 2 2 CG 17.86 1.22 1 2 2 44 0 0 0 0 3
1 3 88 3 2 1 CST 17.98 0.64 0 5 1 55 0 0 0 0 3
1 3 89 2 2 3 CC 2.95 1.37 1 3 3 243 0 0 0 0 3
1 3 90 4 2 4 IFO 6.10 2.36 1 4 4 18 0 0 0 0 3
1 4 91 5 1 5 ILF 86.00 0.21 0 0 1 781.42341 31.030435 44 0 0 3
1 4 92 1 1 4 IFO 45.73 1.62 0 0 1 476.136393 29.424623 73 0 0 3
1 4 93 3 1 1 CST 48.17 0.67 0 0 1 352.4094 17.130038 65 0 0 3
1 4 94 2 1 3 CC 46.94 1.22 0 0 1 824.65691 25.548270 114 0 0 3
1 4 95 4 1 2 CG 57.52 2.41 0 0 1 246.387526 15.378211 29 0 0 3
1 4 96 5 1 2 CG 44.30 1.22 1 1 1 55.104981 12.858324 9 0 0 3
1 4 97 1 1 1 CST 83.53 1.34 0 0 1 150.229737 25.123904 407 0 0 3
1 4 98 3 1 3 CC 17.85 1.35 0 0 1 63.751833 22.274494 45 0 0 3
1 4 99 2 1 4 IFO 36.87 1.08 1 1 1 135.869595 28.643363 74 0 0 3
1 4 100 4 1 5 ILF 55.38 1.53 0 0 1 277.84785 33.082050 93 0 0 3
1 4 101 5 3 4 IFO 6.76 0.45 0 0 1 55.876095 29.424625 6 0 0 3
1 4 102 1 3 5 ILF 3.87 1.32 0 0 1 230.121336 31.030433 29 0 0 3
1 4 103 3 3 1 CST 8.15 1.14 1 1 1 61.831758 17.130038 41 0 0 3
1 4 104 2 3 3 CC 21.67 0.60 0 0 1 628.208418 25.548267 25 0 0 3
1 4 105 4 3 2 CG 14.75 0.79 0 0 1 175.062371 15.378211 4 0 0 3
1 4 106 5 3 3 CC 9.40 1.22 0 0 1 86.329133 22.274492 19 0 0 3
1 4 107 1 3 1 CST 4.14 0.93 1 1 1 51.808097 25.123904 185 0 0 3
1 4 108 3 3 4 IFO 2.65 0.94 1 1 1 62.483582 28.643362 31 0 0 3
1 4 109 2 3 2 CG 4.85 0.96 1 1 1 57.776257 12.858325 11 0 0 3
1 4 110 4 3 5 ILF 3.79 1.05 1 1 1 117.671039 33.082050 14 0 0 3
1 4 111 5 2 5 ILF 55.38 0.85 0 0 1 482.320942 31.030435 34 0 0 3
1 4 112 1 2 2 CG 33.52 1.20 1 1 1 66.167199 15.378211 55 0 0 3
1 4 113 3 2 4 IFO 36.06 0.96 0 0 1 234.096176 29.424623 25 0 0 3
1 4 114 2 2 1 CST 29.41 1.02 0 0 1 173.585048 17.130037 91 0 0 3
1 4 115 4 2 3 CC 52.21 1.18 0 0 1 94.112461 25.548268 43 0 0 3
1 4 116 5 2 4 IFO 7.71 1.02 1 1 1 89.259496 28.643363 26 0 0 3
1 4 117 1 2 2 CG 27.20 0.78 0 0 1 243.69454 12.858325 58 0 0 3
1 4 118 3 2 1 CST 38.18 0.58 0 0 1 261.744067 25.123904 148 0 0 3
1 4 119 2 2 3 CC 21.08 1.19 0 0 1 64.255727 22.274493 67 0 0 3
1 4 120 4 2 5 ILF 5.24 1.26 1 1 1 82.570254 33.082050 31 0 0 3
1 5 121 5 1 5 ILF 11.63 1.54 1 1 1 13 6 0 0 0 3
1 5 122 1 1 4 IFO 10.22 1.72 1 2 2 25 12 0 0 0 3
1 5 123 3 1 1 CST 5.33 1.93 1 2 2 26 13 0 0 0 3
1 5 124 2 1 2 CG 3.50 1.82 1 2 2 26 13 0 0 0 3
1 5 125 4 1 3 CC 4.86 1.33 1 1 1 37 19 0 0 0 3
1 5 126 5 1 1 CST 7.97 1.06 0 2 1 17 9 0 0 0 3
1 5 127 1 1 4 IFO 6.84 1.73 1 1 1 22 10 0 0 0 3
1 5 128 3 1 3 CC 12.70 2.17 1 2 2 47 24 0 0 0 3
1 5 129 2 1 5 ILF 11.45 1.23 1 1 1 31 14 0 0 0 3
1 5 130 4 1 2 CG 2.98 1.02 1 2 2 6 3 0 0 0 3
1 5 131 5 3 5 ILF 2.29 1.40 1 1 1 12 6 0 0 0 3
1 5 132 1 3 3 CC 1.84 1.29 1 2 2 48 24 0 0 0 3
1 5 133 3 3 2 CG 2.53 2.34 1 2 2 13 6 0 0 0 3
1 5 134 2 3 4 IFO 2.77 1.70 1 2 2 21 10 0 0 0 3
1 5 135 4 3 1 CST 5.53 2.25 0 2 1 27 14 0 0 0 3
1 5 136 5 3 1 CST 5.03 2.12 1 1 1 7 4 0 0 0 3
1 5 137 1 3 2 CG 7.22 1.48 1 1 1 13 6 0 0 0 3
1 5 138 3 3 5 ILF 2.47 2.30 1 2 2 25 12 0 0 0 3
1 5 139 2 3 4 IFO 6.60 1.34 1 1 1 18 9 0 0 0 3
1 5 140 4 3 3 CC 1.65 1.50 1 2 2 20 10 0 0 0 3
1 5 141 5 2 1 CST 28.96 1.64 1 1 1 16 8 0 0 0 3
1 5 142 1 2 4 IFO 10.36 2.05 0 1 2 25 12 0 0 0 3
1 5 143 3 2 2 CG 4.93 1.96 1 2 2 13 6 0 0 0 3
1 5 144 2 2 3 CC 2.74 1.99 1 2 2 82 41 0 0 0 3
1 5 145 4 2 5 ILF 5.07 2.49 1 1 1 16 8 0 0 0 3
1 5 146 5 2 2 CG 3.27 1.28 1 1 1 4 2 0 0 0 3
1 5 147 1 2 5 ILF 10.20 2.00 1 1 1 40 19 0 0 0 3
1 5 148 3 2 1 CST 5.15 1.99 1 2 2 38 19 0 0 0 3
1 5 149 2 2 3 CC 4.93 2.07 1 1 1 70 35 0 0 0 3
1 5 150 4 2 4 IFO 4.35 1.39 1 2 2 13 5 0 0 0 3
1 6 151 5 1 2 CG 13.90 1.95 1 1 1 5 5 0 0 0 3
1 6 152 1 1 1 CST 23.56 1.92 1 2 2 1 3 0 0 0 3
1 6 153 3 1 1 CST 20.29 1.80 1 1 1 3 3 0 0 0 3
1 6 154 2 1 3 CC 6.53 6.53 0 1 2 2 3 0 0 0 3
1 6 155 4 1 3 CC 9.46 1.42 1 1 1 4 4 0 0 0 3
1 6 156 5 1 1 CST 14.94 1.36 1 2 2 5 4 0 0 0 3
1 6 157 1 1 3 CC 4.46 4.46 1 2 2 1 5 0 0 0 3
1 6 158 3 1 1 CST 11.38 1.60 1 2 2 3 5 0 0 0 3
1 6 159 2 1 2 CG 3.47 2.33 1 2 2 2 5 0 0 0 3
1 6 160 4 1 3 CC 3.48 1.79 1 1 1 4 4 0 0 0 3
1 6 161 5 3 1 CST 2.64 1.66 1 2 2 5 3 0 0 0 3
1 6 162 1 3 3 CC 5.77 1.95 0 1 2 1 2 0 0 0 3
1 6 163 3 3 2 CG 5.38 2.02 1 2 2 3 5 0 0 0 3
1 6 164 2 3 3 CC 18.46 1.76 1 2 2 2 4 0 0 0 3
1 6 165 4 3 1 CST 5.86 1.76 0 1 2 4 2 0 0 0 3
1 6 166 5 3 3 CC 4.75 1.31 0 1 2 5 3 0 0 0 3
1 6 167 1 3 2 CG 5.12 2.02 1 2 2 1 5 0 0 0 3
1 6 168 3 3 1 CST 7.56 1.76 0 1 2 3 2 0 0 0 3
1 6 169 2 3 3 CC 4.75 1.48 1 1 1 2 2 0 0 0 3
1 6 170 4 3 1 CST 6.03 3.19 1 1 1 4 4 0 0 0 3
1 6 171 5 2 3 CC 4.76 1.72 1 2 2 5 1 0 0 0 3
1 6 172 1 2 3 CC 3.45 1.70 1 2 2 1 5 0 0 0 3
1 6 173 3 2 1 CST 3.64 1.90 1 1 1 3 3 0 0 0 3
1 6 174 2 2 2 CG 3.97 1.87 1 2 2 2 4 0 0 0 3
1 6 175 4 2 1 CST 4.32 1.82 0 1 2 4 3 0 0 0 3
1 6 176 5 2 1 CST 3.89 2.18 1 2 2 5 1 0 0 0 3
1 6 177 1 2 2 CG 8.08 3.43 1 1 1 1 1 0 0 0 3
1 6 178 3 2 1 CST 12.41 2.15 1 2 2 3 5 0 0 0 3
1 6 179 2 2 3 CC 7.58 2.99 0 1 2 2 3 0 0 0 3
1 6 180 4 2 3 CC 7.19 2.91 1 2 2 4 1 0 0 0 3
2 1 1 4 1 5 ILF 34.46 1.99 1 2 2 0.135138 0.382347 39 0.247209 69 3
2 1 2 3 1 2 CG 20.58 2.71 1 3 3 0.013691 0.202175 38 0.215866 55 3
2 1 3 5 1 4 IFO 13.24 1.39 1 3 3 0.130096 0.183878 24 0.313974 32 3
2 1 4 1 1 1 CST 22.95 2.42 0 2 3 0.023199 0.190485 189 0.213683 441 3
2 1 5 2 1 3 CC 17.19 2.11 1 3 3 0.075672 0.319989 95 0.395662 149 3
2 1 6 4 1 4 IFO 13.55 2.33 1 3 3 0.117386 0.210381 46 0.327768 51 3
2 1 7 3 1 3 CC 12.47 1.25 1 2 2 0.169901 0.347839 66 0.177938 35 3
2 1 8 5 1 5 ILF 16.90 1.75 1 2 2 0.128247 0.394370 19 0.266123 31 3
2 1 9 1 1 1 CST 34.57 1.73 0 1 2 0.072686 0.229279 144 0.156592 50 3
2 1 10 2 1 2 CG 11.35 1.55 1 2 2 0.079956 0.257620 114 0.177664 52 3
2 1 11 4 3 4 IFO 17.20 2.06 0 1 3 0.073409 0.206517 25 0.279926 11 3
2 1 12 3 3 3 CC 26.52 1.99 1 3 3 0.019670 0.360222 56 0.379892 82 3
2 1 13 5 3 2 CG 13.80 1.32 1 2 2 0.060391 0.208729 3 0.148337 1 3
2 1 14 1 3 1 CST 40.02 6.45 0 1 3 0.066095 0.178624 74 0.244718 98 3
2 1 15 2 3 5 ILF 22.09 1.66 1 2 2 0.186808 0.477633 25 0.290825 27 3
2 1 16 4 3 4 IFO 31.73 1.94 1 3 3 0.061930 0.226932 9 0.288862 11 3
2 1 17 3 3 3 CC 9.53 1.51 1 2 2 0.202508 0.376490 49 0.173982 33 3
2 1 18 5 3 2 CG 6.76 1.40 1 2 2 0.115463 0.264165 4 0.148703 2 3
2 1 19 1 3 1 CST 32.70 2.79 0 1 2 0.091928 0.322538 37 0.230611 33 3
2 1 20 2 3 5 ILF 12.67 4.67 1 2 2 0.151964 0.433052 16 0.281089 27 3
2 1 21 4 2 3 CC 11.99 2.18 1 3 3 0.114139 0.323851 58 0.437990 74 3
2 1 22 3 2 4 IFO 15.65 1.79 1 3 3 0.113814 0.205176 64 0.318990 60 3
2 1 23 5 2 2 CG 26.96 1.77 0 1 3 0.016169 0.180891 7 0.197060 17 3
2 1 24 1 2 1 CST 27.83 1.61 0 1 3 0.041798 0.198220 178 0.240018 42 3
2 1 25 2 2 5 ILF 16.20 1.52 1 2 2 0.129267 0.377195 103 0.247928 165 3
2 1 26 4 2 1 CST 30.37 2.02 0 1 3 0.020157 0.323999 4 0.344157 11 3
2 1 27 3 2 4 IFO 21.13 1.85 1 3 3 0.114287 0.217708 54 0.331995 70 3
2 1 28 5 2 3 CC 12.38 1.77 1 2 2 0.152064 0.339299 31 0.187234 16 3
2 1 29 1 2 5 ILF 22.69 1.70 1 2 2 0.123905 0.371128 94 0.247224 130 3
2 1 30 2 2 2 CG 12.81 1.90 1 2 2 0.075850 0.255905 121 0.180055 62 3
2 2 31 4 1 3 CC 28.41 1.97 0 2 3 8 0 0 0 0 3
2 2 32 3 1 2 CG 14.30 1.98 1 2 2 8 0 0 0 0 3
2 2 33 5 1 4 IFO 43.33 2.02 0 2 3 7 0 0 0 0 3
2 2 34 1 1 1 CST 46.14 2.59 1 2 2 72 0 0 0 0 3
2 2 35 2 1 5 ILF 34.50 2.01 0 1 2 15 0 0 0 0 3
2 2 36 4 1 3 CC 30.00 2.38 0 2 3 12 0 0 0 0 3
2 2 37 3 1 2 CG 27.89 2.62 1 2 2 8 0 0 0 0 3
2 2 38 5 1 5 ILF 14.22 2.58 0 1 3 9 0 0 0 0 3
2 2 39 1 1 1 CST 22.19 1.51 1 2 2 62 0 0 0 0 3
2 2 40 2 1 4 IFO 27.33 1.82 0 3 2 11 0 0 0 0 3
2 2 41 4 3 4 IFO 143.15 114.92 1 2 2 12 0 0 0 0 3
2 2 42 3 3 1 CST 11.36 1.22 1 3 3 22 0 0 0 0 3
2 2 43 5 3 5 ILF 25.80 2.94 1 3 3 7 0 0 0 0 3
2 2 44 1 3 2 CG 17.11 2.88 1 1 1 11 0 0 0 0 3
2 2 45 2 3 3 CC 17.26 1.46 0 3 2 13 0 0 0 0 3
2 2 46 4 3 1 CST 10.48 2.67 1 3 3 14 0 0 0 0 3
2 2 47 3 3 3 CC 19.74 1.26 1 1 1 15 0 0 0 0 3
2 2 48 5 3 4 IFO 14.72 1.93 1 3 3 4 0 0 0 0 3
2 2 49 1 3 2 CG 8.21 2.08 1 1 1 12 0 0 0 0 3
2 2 50 2 3 5 ILF 12.78 1.84 0 3 2 18 0 0 0 0 3
2 2 51 4 2 5 ILF 21.71 1.39 1 2 2 9 0 0 0 0 3
2 2 52 3 2 3 CC 42.28 1.21 0 2 1 11 0 0 0 0 3
2 2 53 5 2 2 CG 13.90 2.70 1 2 2 3 0 0 0 0 3
2 2 54 1 2 1 CST 12.59 2.90 1 2 2 72 0 0 0 0 3
2 2 55 2 2 4 IFO 36.13 1.60 0 1 2 17 0 0 0 0 3
2 2 56 4 2 1 CST 11.79 1.43 1 3 3 14 0 0 0 0 3
2 2 57 3 2 3 CC 26.19 1.83 1 1 1 15 0 0 0 0 3
2 2 58 5 2 4 IFO 22.74 2.78 1 3 3 4 0 0 0 0 3
2 2 59 1 2 5 ILF 33.94 1.78 1 2 2 24 0 0 0 0 3
2 2 60 2 2 2 CG 14.75 1.74 1 2 2 8 0 0 0 0 3
2 3 61 4 1 5 ILF 22.01 2.26 1 5 5 14 0 0 0 0 3
2 3 62 3 1 4 IFO 24.60 1.58 1 4 4 19 0 0 0 0 3
2 3 63 5 1 1 CST 8.60 1.52 1 1 1 26 0 0 0 0 3
2 3 64 1 1 3 CC 10.90 5.62 1 3 3 60 0 0 0 0 3
2 3 65 2 1 2 CG 13.19 1.95 1 2 2 33 0 0 0 0 3
2 3 66 4 1 5 ILF 11.36 1.44 1 5 5 18 0 0 0 0 3
2 3 67 3 1 3 CC 3.61 1.70 1 3 3 188 0 0 0 0 3
2 3 68 5 1 1 CST 6.73 2.06 1 1 1 21 0 0 0 0 3
2 3 69 1 1 4 IFO 12.74 1.35 1 4 4 34 0 0 0 0 3
2 3 70 2 1 2 CG 7.35 2.17 1 2 2 33 0 0 0 0 3
2 3 71 4 3 1 CST 4.92 1.48 1 1 1 57 0 0 0 0 3
2 3 72 3 3 4 IFO 3.29 2.58 1 4 4 23 0 0 0 0 3
2 3 73 5 3 5 ILF 3.05 1.30 1 5 5 11 0 0 0 0 3
2 3 74 1 3 2 CG 3.47 1.49 1 2 2 35 0 0 0 0 3
2 3 75 2 3 3 CC 3.22 1.90 1 3 3 46 0 0 0 0 3
2 3 76 4 3 1 CST 10.18 1.53 1 1 1 22 0 0 0 0 3
2 3 77 3 3 3 CC 2.58 1.31 1 3 3 186 0 0 0 0 3
2 3 78 5 3 5 ILF 2.01 1.14 1 5 5 12 0 0 0 0 3
2 3 79 1 3 4 IFO 2.20 1.06 1 4 4 33 0 0 0 0 3
2 3 80 2 3 2 CG 10.16 1.31 1 2 2 33 0 0 0 0 3
2 3 81 4 2 5 ILF 1.84 0.86 1 5 5 14 0 0 0 0 3
2 3 82 3 2 4 IFO 6.94 1.20 1 4 4 19 0 0 0 0 3
2 3 83 5 2 1 CST 5.36 2.31 1 1 1 26 0 0 0 0 3
2 3 84 1 2 2 CG 8.06 1.38 1 2 2 35 0 0 0 0 3
2 3 85 2 2 3 CC 3.58 1.19 1 3 3 46 0 0 0 0 3
2 3 86 4 2 3 CC 2.51 1.46 1 3 3 125 0 0 0 0 3
2 3 87 3 2 1 CST 4.55 2.03 1 1 1 55 0 0 0 0 3
2 3 88 5 2 5 ILF 1.81 0.95 1 5 5 12 0 0 0 0 3
2 3 89 1 2 2 CG 11.64 1.54 1 2 2 44 0 0 0 0 3
2 3 90 2 2 4 IFO 6.59 1.62 1 4 4 29 0 0 0 0 3
2 4 91 4 1 1 CST 30.67 1.05 0 0 1 72.054474 17.130038 47 0 0 3
2 4 92 3 1 5 ILF 24.10 1.15 0 0 1 728.547409 31.030435 73 0 0 3
2 4 93 5 1 3 CC 32.78 4.62 1 1 1 59.075406 25.548268 35 0 0 3
2 4 94 1 1 2 CG 69.57 3.10 0 0 1 173.818462 15.378211 118 0 0 3
2 4 95 2 1 4 IFO 17.22 1.70 0 0 1 73.145902 29.424623 48 0 0 3
2 4 96 4 1 3 CC 50.90 1.77 1 1 1 18.89227 22.274493 27 0 0 3
2 4 97 3 1 4 IFO 17.48 1.83 1 1 1 51.053906 28.643363 58 0 0 3
2 4 98 5 1 2 CG 42.70 1.30 0 0 1 310.798929 12.858324 9 0 0 3
2 4 99 1 1 5 ILF 23.00 0.94 0 0 1 457.24089 33.082050 315 0 0 3
2 4 100 2 1 1 CST 22.70 0.22 0 0 1 248.723664 25.123904 211 0 0 3
2 4 101 4 3 5 ILF 9.09 1.28 1 1 1 95.417473 31.030433 12 0 0 3
2 4 102 3 3 4 IFO 7.62 2.35 0 0 1 66.017678 29.424623 13 0 0 3
2 4 103 5 3 2 CG 4.62 2.15 0 0 1 87.499667 15.378211 4 0 0 3
2 4 104 1 3 3 CC 17.46 2.66 0 0 1 568.756394 25.548269 25 0 0 3
2 4 105 2 3 1 CST 7.36 1.72 1 1 1 25.497388 17.130037 50 0 0 3
2 4 106 4 3 1 CST 3.59 1.54 0 0 1 96.810539 25.123905 45 0 0 3
2 4 107 3 3 3 CC 3.46 1.68 0 0 1 285.11142 22.274494 43 0 0 3
2 4 108 5 3 4 IFO 4.09 1.45 1 1 1 46.597748 28.643362 15 0 0 3
2 4 109 1 3 2 CG 9.35 0.96 0 0 1 83.243233 12.858323 24 0 0 3
2 4 110 2 3 5 ILF 3.61 1.18 1 1 1 87.76521 33.082050 27 0 0 3
2 4 111 4 2 1 CST 25.54 1.11 0 0 1 170.675216 17.130037 31 0 0 3
2 4 112 3 2 3 CC 20.94 1.51 0 0 1 96.858914 25.548268 71 0 0 3
2 4 113 5 2 5 ILF 16.26 1.23 1 1 1 51.233387 31.030435 34 0 0 3
2 4 114 1 2 2 CG 69.07 1.42 0 0 1 232.483535 15.378211 55 0 0 3
2 4 115 2 2 4 IFO 8.09 0.90 1 1 1 75.642297 29.424623 48 0 0 3
2 4 116 4 2 4 IFO 13.36 1.58 1 1 1 79.168856 28.643363 37 0 0 3
2 4 117 3 2 1 CST 22.89 0.63 1 1 1 77.826566 25.123904 148 0 0 3
2 4 118 5 2 5 ILF 16.59 1.12 1 1 1 38.342372 33.082050 16 0 0 3
2 4 119 1 2 3 CC 8.38 1.33 0 0 1 76.012143 22.274493 84 0 0 3
2 4 120 2 2 2 CG 60.11 1.94 0 0 1 406.98845 12.858325 31 0 0 3
2 5 121 4 1 1 CST 37.08 1.95 1 1 1 25 13 0 0 0 3
2 5 122 3 1 5 ILF 7.10 1.38 1 1 1 30 15 0 0 0 3
2 5 123 5 1 2 CG 5.81 1.22 1 2 2 7 3 0 0 0 3
2 5 124 1 1 4 IFO 10.02 1.52 1 1 1 25 12 0 0 0 3
2 5 125 2 1 3 CC 12.20 1.78 1 1 1 82 41 0 0 0 3
2 5 126 4 1 1 CST 12.78 2.30 1 2 2 21 11 0 0 0 3
2 5 127 3 1 2 CG 3.88 1.46 1 2 2 10 5 0 0 0 3
2 5 128 5 1 4 IFO 5.30 1.30 1 2 2 8 3 0 0 0 3
2 5 129 1 1 5 ILF 15.75 1.63 1 1 1 40 19 0 0 0 3
2 5 130 2 1 3 CC 6.76 1.51 1 1 1 70 35 0 0 0 3
2 5 131 4 3 3 CC 6.16 0.83 1 1 1 10 5 0 0 0 3
2 5 132 3 3 4 IFO 8.49 1.20 1 1 1 17 7 0 0 0 3
2 5 133 5 3 5 ILF 4.77 4.65 1 2 2 12 6 0 0 0 3
2 5 134 1 3 2 CG 7.54 4.55 1 1 1 26 13 0 0 0 3
2 5 135 2 3 1 CST 6.51 2.26 1 1 1 52 26 0 0 0 3
2 5 136 4 3 4 IFO 3.73 1.35 1 2 2 13 6 0 0 0 3
2 5 137 3 3 3 CC 2.40 1.48 1 2 2 23 12 0 0 0 3
2 5 138 5 3 5 ILF 2.54 1.74 1 2 2 12 6 0 0 0 3
2 5 139 1 3 1 CST 5.64 1.86 1 1 1 62 31 0 0 0 3
2 5 140 2 3 2 CG 5.47 1.97 1 1 1 10 5 0 0 0 3
2 5 141 4 2 4 IFO 4.95 2.43 1 1 1 13 5 0 0 0 3
2 5 142 3 2 3 CC 8.17 2.42 1 1 1 76 38 0 0 0 3
2 5 143 5 2 5 ILF 2.62 2.30 1 2 2 13 6 0 0 0 3
2 5 144 1 2 2 CG 14.55 5.48 1 1 1 41 20 0 0 0 3
2 5 145 2 2 1 CST 8.29 1.26 1 1 1 51 26 0 0 0 3
2 5 146 4 2 3 CC 2.44 2.11 1 2 2 38 19 0 0 0 3
2 5 147 3 2 4 IFO 11.08 2.41 1 2 2 15 7 0 0 0 3
2 5 148 5 2 1 CST 20.08 1.19 1 2 2 17 9 0 0 0 3
2 5 149 1 2 2 CG 22.57 1.71 1 1 1 13 6 0 0 0 3
2 5 150 2 2 5 ILF 11.17 2.34 1 1 1 31 14 0 0 0 3
2 6 151 4 1 1 CST 26.90 8.70 1 2 2 4 5 0 0 0 3
2 6 152 3 1 2 CG 14.20 2.54 1 2 2 3 2 0 0 0 3
2 6 153 5 1 3 CC 11.31 2.22 1 1 1 5 5 0 0 0 3
2 6 154 1 1 1 CST 17.57 2.10 1 1 1 1 1 0 0 0 3
2 6 155 2 1 3 CC 14.00 2.59 1 1 1 2 2 0 0 0 3
2 6 156 4 1 2 CG 15.82 3.95 1 2 2 4 5 0 0 0 3
2 6 157 3 1 3 CC 13.23 3.97 1 2 2 3 4 0 0 0 3
2 6 158 5 1 1 CST 6.89 1.75 1 2 2 5 1 0 0 0 3
2 6 159 1 1 1 CST 64.17 2.24 1 1 1 1 1 0 0 0 3
2 6 160 2 1 3 CC 6.98 1.40 1 2 2 2 5 0 0 0 3
2 6 161 4 3 1 CST 5.36 3.38 1 2 2 4 5 0 0 0 3
2 6 162 3 3 1 CST 8.07 2.74 0 1 2 3 2 0 0 0 3
2 6 163 5 3 3 CC 8.21 1.46 1 2 2 5 3 0 0 0 3
2 6 164 1 3 3 CC 5.58 3.55 1 2 2 1 5 0 0 0 3
2 6 165 2 3 2 CG 5.38 2.78 1 1 1 2 2 0 0 0 3
2 6 166 4 3 2 CG 3.09 1.84 1 2 2 4 2 0 0 0 3
2 6 167 3 3 3 CC 5.38 3.71 1 2 2 3 5 0 0 0 3
2 6 168 5 3 1 CST 6.34 4.57 1 2 2 5 2 0 0 0 3
2 6 169 1 3 3 CC 10.01 5.82 1 2 2 1 4 0 0 0 3
2 6 170 2 3 1 CST 34.15 1.94 0 1 2 2 3 0 0 0 3
2 6 171 4 2 3 CC 27.93 2.48 0 1 2 4 3 0 0 0 3
2 6 172 3 2 1 CST 8.70 1.53 1 2 2 3 2 0 0 0 3
2 6 173 5 2 1 CST 3.32 3.04 1 2 2 5 2 0 0 0 3
2 6 174 1 2 3 CC 12.34 2.07 1 1 1 1 1 0 0 0 3
2 6 175 2 2 2 CG 40.96 12.28 0 1 2 2 3 0 0 0 3
2 6 176 4 2 3 CC 13.44 2.47 1 2 2 4 2 0 0 0 3
2 6 177 3 2 1 CST 7.68 1.98 1 1 1 3 3 0 0 0 3
2 6 178 5 2 1 CST 2.93 2.93 1 2 2 5 1 0 0 0 3
2 6 179 1 2 3 CC 9.94 1.28 1 1 1 1 1 0 0 0 3
2 6 180 2 2 2 CG 3.13 2.75 1 2 2 2 5 0 0 0 3
3 1 1 2 1 1 CST 17.91 1.58 0 2 3 0.034802 0.189707 105 0.224510 288 3
3 1 2 5 1 4 IFO 15.27 1.82 1 3 3 0.130096 0.183878 24 0.313974 32 3
3 1 3 4 1 5 ILF 14.11 2.29 1 2 2 0.135138 0.382347 39 0.247209 69 3
3 1 4 3 1 3 CC 17.54 1.71 1 3 3 0.064932 0.337284 68 0.402217 101 3
3 1 5 1 1 2 CG 26.27 1.66 1 1 1 0.000173 0.200168 52 0.199995 93 3
3 1 6 2 1 4 IFO 15.31 1.12 1 3 3 0.102037 0.213807 99 0.315845 111 3
3 1 7 5 1 1 CST 11.14 1.23 1 2 2 0.076381 0.295351 25 0.218970 19 3
3 1 8 4 1 2 CG 11.54 1.31 1 2 2 0.043088 0.255476 47 0.212388 29 3
3 1 9 3 1 3 CC 15.47 1.88 1 2 2 0.169901 0.347839 66 0.177938 35 3
3 1 10 1 1 5 ILF 24.49 1.41 1 2 2 0.122921 0.370037 95 0.247116 130 3
3 1 11 2 3 2 CG 15.61 1.50 1 2 2 0.019827 0.211470 20 0.191642 11 3
3 1 12 5 3 5 ILF 13.63 1.58 1 2 2 0.169177 0.462913 10 0.293737 12 3
3 1 13 4 3 1 CST 21.88 1.45 0 1 3 0.021545 0.168402 5 0.189947 17 3
3 1 14 3 3 3 CC 16.85 2.49 1 3 3 0.019670 0.360222 56 0.379892 82 3
3 1 15 1 3 4 IFO 16.64 1.53 1 3 3 0.067913 0.204354 50 0.272267 17 3
3 1 16 2 3 4 IFO 35.64 1.18 0 1 3 0.032155 0.234408 20 0.266563 15 3
3 1 17 5 3 3 CC 15.09 1.63 1 2 2 0.177737 0.356517 29 0.178780 16 3
3 1 18 4 3 1 CST 22.99 1.68 1 2 2 0.102344 0.361477 16 0.259134 13 3
3 1 19 3 3 5 ILF 6.47 1.23 1 2 2 0.206989 0.481930 14 0.274942 25 3
3 1 20 1 3 2 CG 13.37 2.95 1 2 2 0.107685 0.294773 16 0.187087 13 3
3 1 21 2 2 2 CG 18.76 1.57 0 1 2 0.022648 0.214584 41 0.191936 52 3
3 1 22 5 2 1 CST 25.94 2.01 0 1 3 0.047421 0.212136 41 0.259557 8 3
3 1 23 4 2 5 ILF 12.99 1.02 1 2 2 0.134868 0.382228 39 0.247360 69 3
3 1 24 3 2 4 IFO 13.71 2.85 1 3 3 0.113814 0.205176 64 0.318990 60 3
3 1 25 1 2 3 CC 31.41 1.79 1 3 3 0.062630 0.323016 125 0.385646 207 3
3 1 26 2 2 3 CC 12.11 2.15 1 2 2 0.165620 0.345541 96 0.179921 52 3
3 1 27 5 2 5 ILF 16.46 1.66 1 2 2 0.127394 0.393719 19 0.266324 31 3
3 1 28 4 2 1 CST 19.40 1.93 1 3 3 0.020157 0.323999 4 0.344157 11 3
3 1 29 3 2 4 IFO 16.92 1.64 1 3 3 0.114287 0.217708 54 0.331995 70 3
3 1 30 1 2 2 CG 15.68 1.36 1 2 2 0.058341 0.246852 159 0.188511 115 3
3 2 31 2 1 5 ILF 44.94 2.06 0 1 2 15 0 0 0 0 3
3 2 32 5 1 1 CST 58.88 1.94 1 2 2 9 0 0 0 0 3
3 2 33 4 1 3 CC 51.47 1.31 1 3 3 8 0 0 0 0 3
3 2 34 3 1 2 CG 26.42 1.76 1 2 2 8 0 0 0 0 3
3 2 35 1 1 4 IFO 69.14 1.26 0 2 3 24 0 0 0 0 3
3 2 36 2 1 3 CC 63.86 1.40 0 3 2 21 0 0 0 0 3
3 2 37 5 1 5 ILF 59.81 1.93 1 3 3 9 0 0 0 0 3
3 2 38 4 1 4 IFO 18.02 1.13 0 3 2 5 0 0 0 0 3
3 2 39 3 1 1 CST 52.60 1.42 1 3 3 16 0 0 0 0 3
3 2 40 1 1 2 CG 38.03 1.63 0 3 1 12 0 0 0 0 3
3 2 41 2 3 1 CST 21.62 1.72 1 2 2 44 0 0 0 0 3
3 2 42 5 3 2 CG 9.08 1.53 1 2 2 2 0 0 0 0 3
3 2 43 4 3 5 ILF 20.03 1.19 1 2 2 8 0 0 0 0 3
3 2 44 3 3 3 CC 68.39 1.61 0 3 1 11 0 0 0 0 3
3 2 45 1 3 4 IFO 37.90 2.18 1 3 3 24 0 0 0 0 3
3 2 46 2 3 1 CST 8.47 1.91 1 2 2 40 0 0 0 0 3
3 2 47 5 3 3 CC 31.82 0.92 1 1 1 10 0 0 0 0 3
3 2 48 4 3 5 ILF 25.49 1.86 1 2 2 10 0 0 0 0 3
3 2 49 3 3 4 IFO 16.82 3.34 1 3 3 6 0 0 0 0 3
3 2 50 1 3 2 CG 14.05 1.96 1 1 1 12 0 0 0 0 3
3 2 51 2 2 3 CC 35.40 2.47 1 2 2 13 0 0 0 0 3
3 2 52 5 2 1 CST 15.48 1.92 0 3 2 9 0 0 0 0 3
3 2 53 4 2 4 IFO 26.88 1.34 1 2 2 12 0 0 0 0 3
3 2 54 3 2 2 CG 14.67 2.01 1 2 2 8 0 0 0 0 3
3 2 55 1 2 5 ILF 47.82 1.87 1 2 2 20 0 0 0 0 3
3 2 56 2 2 2 CG 40.43 1.63 0 3 2 8 0 0 0 0 3
3 2 57 5 2 4 IFO 39.00 1.85 1 3 3 4 0 0 0 0 3
3 2 58 4 2 1 CST 17.77 1.26 1 3 3 14 0 0 0 0 3
3 2 59 3 2 3 CC 16.37 1.30 1 1 1 15 0 0 0 0 3
3 2 60 1 2 5 ILF 60.17 1.20 1 2 2 24 0 0 0 0 3
3 3 61 2 1 1 CST 201.00 2.18 1 1 1 145 0 0 0 0 3
3 3 62 5 1 3 CC 5.21 1.93 1 3 3 19 0 0 0 0 3
3 3 63 4 1 2 CG 31.88 1.35 1 2 2 7 0 0 0 0 3
3 3 64 3 1 5 ILF 9.02 2.16 1 5 5 23 0 0 0 0 3
3 3 65 1 1 4 IFO 7.99 1.76 1 4 4 27 0 0 0 0 3
3 3 66 2 1 1 CST 6.52 1.28 1 1 1 97 0 0 0 0 3
3 3 67 5 1 5 ILF 14.94 2.19 1 5 5 12 0 0 0 0 3
3 3 68 4 1 2 CG 5.25 1.15 1 2 2 9 0 0 0 0 3
3 3 69 3 1 3 CC 5.79 1.86 1 3 3 188 0 0 0 0 3
3 3 70 1 1 4 IFO 10.47 2.43 1 4 4 34 0 0 0 0 3
3 3 71 2 3 4 IFO 10.24 1.35 1 4 4 27 0 0 0 0 3
3 3 72 5 3 3 CC 4.67 1.27 1 3 3 19 0 0 0 0 3
3 3 73 4 3 5 ILF 4.44 1.55 1 5 5 14 0 0 0 0 3
3 3 74 3 3 1 CST 7.75 1.33 1 1 1 91 0 0 0 0 3
3 3 75 1 3 2 CG 5.56 1.69 1 2 2 35 0 0 0 0 3
3 3 76 2 3 2 CG 4.84 2.86 1 2 2 33 0 0 0 0 3
3 3 77 5 3 5 ILF 3.02 1.39 1 5 5 12 0 0 0 0 3
3 3 78 4 3 4 IFO 2.80 1.44 1 4 4 18 0 0 0 0 3
3 3 79 3 3 1 CST 4.50 1.94 1 1 1 47 0 0 0 0 3
3 3 80 1 3 3 CC 4.32 1.07 1 3 3 323 0 0 0 0 3
3 3 81 2 2 3 CC 5.50 1.49 1 3 3 46 0 0 0 0 3
3 3 82 5 2 1 CST 4.61 1.39 1 1 1 26 0 0 0 0 3
3 3 83 4 2 2 CG 6.28 1.37 1 2 2 7 0 0 0 0 3
3 3 84 3 2 4 IFO 6.13 0.94 1 4 4 19 0 0 0 0 3
3 3 85 1 2 5 ILF 7.19 2.78 1 5 5 31 0 0 0 0 3
3 3 86 2 2 5 ILF 6.50 1.60 1 5 5 34 0 0 0 0 3
3 3 87 5 2 4 IFO 7.30 0.84 1 4 4 11 0 0 0 0 3
3 3 88 4 2 2 CG 6.62 2.14 1 2 2 9 0 0 0 0 3
3 3 89 3 2 1 CST 4.43 1.48 1 1 1 55 0 0 0 0 3
3 3 90 1 2 3 CC 5.03 1.32 1 3 3 329 0 0 0 0 3
3 4 91 2 1 3 CC 52.40 1.22 0 0 1 439.286698 25.548270 114 0 0 3
3 4 92 5 1 5 ILF 60.76 0.82 0 0 1 731.117468 31.030435 44 0 0 3
3 4 93 4 1 2 CG 22.88 1.50 0 0 1 206.572917 15.378211 29 0 0 3
3 4 94 3 1 1 CST 56.18 0.46 0 0 1 301.499195 17.130038 65 0 0 3
3 4 95 1 1 4 IFO 62.52 1.05 0 0 1 327.863744 29.424623 73 0 0 3
3 4 96 2 1 5 ILF 43.34 1.26 0 0 1 556.778849 33.082050 233 0 0 3
3 4 97 5 1 3 CC 64.70 1.16 0 0 1 425.857872 22.274492 19 0 0 3
3 4 98 4 1 4 IFO 5.82 0.47 1 1 1 9.329672 28.643363 37 0 0 3
3 4 99 3 1 1 CST 41.56 1.94 0 0 1 230.810983 25.123905 164 0 0 3
3 4 100 1 1 2 CG 26.31 1.30 0 0 1 488.032464 12.858324 66 0 0 3
3 4 101 2 3 3 CC 8.63 0.56 0 0 1 651.871099 25.548267 25 0 0 3
3 4 102 5 3 4 IFO 5.71 0.86 1 1 1 44.666411 29.424625 6 0 0 3
3 4 103 4 3 5 ILF 4.89 0.91 1 1 1 38.95357 31.030433 12 0 0 3
3 4 104 3 3 1 CST 6.01 0.73 1 1 1 47.908385 17.130038 41 0 0 3
3 4 105 1 3 2 CG 5.78 0.94 1 1 1 55.838029 15.378211 13 0 0 3
3 4 106 2 3 5 ILF 3.89 1.15 1 1 1 83.941724 33.082050 27 0 0 3
3 4 107 5 3 4 IFO 4.33 1.50 1 1 1 42.667262 28.643362 15 0 0 3
3 4 108 4 3 3 CC 9.52 0.77 1 1 1 36.666549 22.274493 27 0 0 3
3 4 109 3 3 1 CST 4.67 1.11 1 1 1 65.592816 25.123905 74 0 0 3
3 4 110 1 3 2 CG 5.21 0.76 0 0 1 56.34373 12.858323 24 0 0 3
3 4 111 2 2 2 CG 8.19 1.24 0 0 1 107.358156 15.378211 37 0 0 3
3 4 112 5 2 3 CC 19.38 1.15 1 1 1 49.360664 25.548268 31 0 0 3
3 4 113 4 2 4 IFO 7.96 1.18 0 0 1 78.322943 29.424623 24 0 0 3
3 4 114 3 2 1 CST 31.64 1.04 1 1 1 29.885212 17.130037 40 0 0 3
3 4 115 1 2 5 ILF 45.90 2.84 0 0 1 698.201629 31.030435 71 0 0 3
3 4 116 2 2 1 CST 21.36 1.06 0 0 1 220.126862 25.123904 242 0 0 3
3 4 117 5 2 3 CC 5.92 1.00 0 0 1 72.569049 22.274493 19 0 0 3
3 4 118 4 2 4 IFO 5.75 0.86 1 1 1 59.303595 28.643363 37 0 0 3
3 4 119 3 2 5 ILF 15.06 0.66 1 1 1 62.219819 33.082050 52 0 0 3
3 4 120 1 2 2 CG 62.45 0.54 0 0 1 242.727483 12.858325 58 0 0 3
3 5 121 2 1 1 CST 18.55 2.44 1 2 2 47 24 0 0 0 3
3 5 122 5 1 4 IFO 22.96 1.45 1 2 2 9 4 0 0 0 3
3 5 123 4 1 3 CC 6.79 1.18 1 2 2 37 19 0 0 0 3
3 5 124 3 1 5 ILF 5.12 1.43 1 2 2 30 15 0 0 0 3
3 5 125 1 1 2 CG 7.10 1.02 1 1 1 41 20 0 0 0 3
3 5 126 2 1 3 CC 8.48 1.42 1 1 1 70 35 0 0 0 3
3 5 127 5 1 4 IFO 6.89 1.38 1 1 1 8 3 0 0 0 3
3 5 128 4 1 2 CG 6.74 1.90 1 2 2 6 3 0 0 0 3
3 5 129 3 1 5 ILF 10.98 1.85 1 2 2 29 14 0 0 0 3
3 5 130 1 1 1 CST 16.69 1.76 1 1 1 61 31 0 0 0 3
3 5 131 2 3 1 CST 4.36 1.75 1 2 2 52 26 0 0 0 3
3 5 132 5 3 5 ILF 4.82 1.78 1 2 2 12 6 0 0 0 3
3 5 133 4 3 2 CG 3.33 0.86 1 2 2 7 3 0 0 0 3
3 5 134 3 3 4 IFO 4.61 1.32 1 2 2 17 7 0 0 0 3
3 5 135 1 3 3 CC 15.02 1.36 1 1 1 48 24 0 0 0 3
3 5 136 2 3 1 CST 14.48 1.69 1 1 1 37 19 0 0 0 3
3 5 137 5 3 2 CG 6.44 1.57 1 1 1 4 2 0 0 0 3
3 5 138 4 3 4 IFO 5.68 1.66 1 2 2 13 6 0 0 0 3
3 5 139 3 3 3 CC 3.35 1.31 1 2 2 23 12 0 0 0 3
3 5 140 1 3 5 ILF 7.62 1.18 1 1 1 32 15 0 0 0 3
3 5 141 2 2 3 CC 4.54 1.74 1 2 2 82 41 0 0 0 3
3 5 142 5 2 2 CG 4.15 1.46 1 2 2 7 3 0 0 0 3
3 5 143 4 2 1 CST 4.71 1.21 1 2 2 30 15 0 0 0 3
3 5 144 3 2 5 ILF 7.99 1.26 1 2 2 30 15 0 0 0 3
3 5 145 1 2 4 IFO 16.74 2.13 1 1 1 25 12 0 0 0 3
3 5 146 2 2 1 CST 6.37 1.11 1 1 1 38 19 0 0 0 3
3 5 147 5 2 5 ILF 5.85 1.56 1 1 1 14 6 0 0 0 3
3 5 148 4 2 4 IFO 16.06 2.70 1 2 2 13 5 0 0 0 3
3 5 149 3 2 2 CG 6.97 0.96 1 2 2 10 5 0 0 0 3
3 5 150 1 2 3 CC 9.02 1.48 1 1 1 86 43 0 0 0 3
3 6 151 2 1 2 CG 18.69 2.27 1 2 2 2 4 0 0 0 3
3 6 152 5 1 1 CST 8.33 2.79 1 2 2 5 3 0 0 0 3
3 6 153 4 1 1 CST 11.08 2.37 1 2 2 4 1 0 0 0 3
3 6 154 3 1 3 CC 24.37 3.68 1 2 2 3 2 0 0 0 3
3 6 155 1 1 3 CC 31.80 2.67 1 1 1 1 1 0 0 0 3
3 6 156 2 1 1 CST 21.19 3.37 0 1 2 2 1 0 0 0 3
3 6 157 5 1 2 CG 9.27 1.99 1 2 2 5 2 0 0 0 3
3 6 158 4 1 1 CST 7.99 1.50 1 2 2 4 2 0 0 0 3
3 6 159 3 1 3 CC 29.84 8.22 1 2 2 3 2 0 0 0 3
3 6 160 1 1 3 CC 10.20 2.11 1 2 2 1 4 0 0 0 3
3 6 161 2 3 1 CST 6.80 2.66 1 2 2 2 5 0 0 0 3
3 6 162 5 3 1 CST 4.69 2.12 1 2 2 5 3 0 0 0 3
3 6 163 4 3 3 CC 7.88 2.07 1 2 2 4 5 0 0 0 3
3 6 164 3 3 2 CG 4.99 1.61 1 2 2 3 5 0 0 0 3
3 6 165 1 3 3 CC 8.96 1.58 1 2 2 1 4 0 0 0 3
3 6 166 2 3 3 CC 11.10 2.71 1 2 2 2 5 0 0 0 3
3 6 167 5 3 3 CC 6.96 2.28 1 2 2 5 1 0 0 0 3
3 6 168 4 3 1 CST 44.99 1.60 1 2 2 4 3 0 0 0 3
3 6 169 3 3 2 CG 16.09 6.95 1 1 1 3 3 0 0 0 3
3 6 170 1 3 1 CST 5.16 1.85 1 2 2 1 5 0 0 0 3
3 6 171 2 2 2 CG 8.73 2.20 1 2 2 2 3 0 0 0 3
3 6 172 5 2 1 CST 12.67 2.06 1 2 2 5 4 0 0 0 3
3 6 173 4 2 3 CC 17.97 1.87 1 1 1 4 4 0 0 0 3
3 6 174 3 2 1 CST 35.21 2.17 1 2 2 3 4 0 0 0 3
3 6 175 1 2 3 CC 24.05 3.48 0 1 2 1 2 0 0 0 3
3 6 176 2 2 3 CC 20.27 1.56 1 2 2 2 3 0 0 0 3
3 6 177 5 2 1 CST 9.23 1.79 1 2 2 5 3 0 0 0 3
3 6 178 4 2 1 CST 28.37 2.24 1 1 1 4 4 0 0 0 3
3 6 179 3 2 2 CG 23.28 2.36 1 1 1 3 3 0 0 0 3
3 6 180 1 2 3 CC 25.87 5.46 0 1 2 1 2 0 0 0 3
4 1 1 1 1 5 ILF 19.83 1.91 1 2 2 0.146700 0.386188 125 0.239488 257 3
4 1 2 4 1 2 CG 39.25 2.02 0 3 2 0.013783 0.226457 33 0.212674 36 3
4 1 3 2 1 4 IFO 21.77 2.49 1 3 3 0.094432 0.205555 88 0.299987 93 3
4 1 4 5 1 1 CST 34.21 1.47 1 3 3 0.051086 0.206575 27 0.257661 75 3
4 1 5 3 1 3 CC 29.15 1.41 1 3 3 0.064932 0.337284 68 0.402217 101 3
4 1 6 1 1 4 IFO 30.80 1.36 1 3 3 0.093016 0.210103 139 0.303118 159 3
4 1 7 4 1 3 CC 19.49 2.11 1 2 2 0.168365 0.352858 55 0.184493 27 3
4 1 8 2 1 2 CG 24.56 1.53 1 2 2 0.079956 0.257620 114 0.177664 52 3
4 1 9 5 1 1 CST 69.78 1.52 1 2 2 0.076381 0.295351 25 0.218970 19 3
4 1 10 3 1 5 ILF 17.83 1.55 1 2 2 0.121962 0.377767 51 0.255806 64 3
4 1 11 1 3 5 ILF 7.31 1.95 1 2 2 0.195103 0.482067 30 0.286964 32 3
4 1 12 4 3 2 CG 7.55 1.30 1 2 2 0.114316 0.258170 5 0.143854 1 3
4 1 13 2 3 4 IFO 18.84 1.50 1 3 3 0.059291 0.203579 38 0.262870 15 3
4 1 14 5 3 1 CST 24.97 1.58 1 3 3 0.088970 0.191645 10 0.280614 16 3
4 1 15 3 3 3 CC 20.39 1.60 1 3 3 0.019670 0.360222 56 0.379892 82 3
4 1 16 1 3 4 IFO 51.88 1.27 0 1 3 0.025840 0.247772 25 0.273612 17 3
4 1 17 4 3 2 CG 9.29 1.58 1 2 2 0.160786 0.286801 2 0.126015 1 3
4 1 18 2 3 5 ILF 8.08 1.23 1 2 2 0.151964 0.433052 16 0.281089 27 3
4 1 19 5 3 3 CC 16.73 0.77 1 2 2 0.177737 0.356517 29 0.178780 16 3
4 1 20 3 3 1 CST 49.35 1.24 0 1 2 0.036096 0.319960 16 0.283864 13 3
4 1 21 1 2 5 ILF 15.96 1.12 1 2 2 0.147578 0.386853 125 0.239275 258 3
4 1 22 4 2 4 IFO 16.21 1.10 1 3 3 0.110085 0.212555 38 0.322640 42 3
4 1 23 2 2 3 CC 47.52 1.17 1 3 3 0.075257 0.320379 95 0.395636 148 3
4 1 24 5 2 1 CST 64.09 4.32 0 1 3 0.047421 0.212136 41 0.259557 8 3
4 1 25 3 2 2 CG 78.63 1.90 0 1 3 0.013484 0.202115 38 0.215599 55 3
4 1 26 1 2 2 CG 7.77 1.74 1 2 2 0.058341 0.246852 159 0.188511 115 3
4 1 27 4 2 1 CST 52.08 1.56 1 3 3 0.020157 0.323999 4 0.344157 11 3
4 1 28 2 2 4 IFO 21.52 2.42 1 3 3 0.117011 0.213336 99 0.330347 95 3
4 1 29 5 2 3 CC 30.69 3.49 1 2 2 0.152064 0.339299 31 0.187234 16 3
4 1 30 3 2 5 ILF 22.31 1.07 1 2 2 0.121723 0.377593 52 0.255870 64 3
4 2 31 1 1 1 CST 159.51 2.28 0 1 2 72 0 0 0 0 3
4 2 32 4 1 3 CC 79.08 1.14 0 2 3 8 0 0 0 0 3
4 2 33 2 1 4 IFO 120.47 5.09 1 2 2 17 0 0 0 0 3
4 2 34 5 1 5 ILF 64.25 1.38 0 2 3 7 0 0 0 0 3
4 2 35 3 1 2 CG 75.17 1.15 1 2 2 8 0 0 0 0 3
4 2 36 1 1 2 CG 25.88 2.20 0 3 1 12 0 0 0 0 3
4 2 37 4 1 3 CC 273.09 1.97 1 3 3 12 0 0 0 0 3
4 2 38 2 1 4 IFO 51.46 1.66 1 2 2 11 0 0 0 0 3
4 2 39 5 1 5 ILF 92.69 0.84 1 3 3 9 0 0 0 0 3
4 2 40 3 1 1 CST 48.35 1.66 1 3 3 16 0 0 0 0 3
4 2 41 1 3 5 ILF 56.06 3.86 1 2 2 20 0 0 0 0 3
4 2 42 4 3 2 CG 21.70 3.01 1 1 1 4 0 0 0 0 3
4 2 43 2 3 3 CC 91.08 1.47 1 2 2 13 0 0 0 0 3
4 2 44 5 3 1 CST 18.57 1.24 1 2 2 9 0 0 0 0 3
4 2 45 3 3 4 IFO 50.09 1.93 1 3 3 13 0 0 0 0 3
4 2 46 1 3 2 CG 22.57 1.94 1 1 1 12 0 0 0 0 3
4 2 47 4 3 1 CST 15.07 1.93 1 3 3 14 0 0 0 0 3
4 2 48 2 3 4 IFO 56.06 1.27 1 2 2 11 0 0 0 0 3
4 2 49 5 3 3 CC 68.78 2.93 1 1 1 10 0 0 0 0 3
4 2 50 3 3 5 ILF 98.84 9.26 0 2 3 19 0 0 0 0 3
4 2 51 1 2 2 CG 40.62 0.98 1 1 1 21 0 0 0 0 3
4 2 52 4 2 3 CC 70.67 2.76 1 3 3 8 0 0 0 0 3
4 2 53 2 2 1 CST 117.35 1.36 1 2 2 44 0 0 0 0 3
4 2 54 5 2 5 ILF 37.30 1.34 1 3 3 7 0 0 0 0 3
4 2 55 3 2 4 IFO 52.54 1.50 0 2 3 13 0 0 0 0 3
4 2 56 1 2 2 CG 39.25 1.60 1 1 1 12 0 0 0 0 3
4 2 57 4 2 5 ILF 30.92 1.05 0 3 2 10 0 0 0 0 3
4 2 58 2 2 3 CC 32.41 1.01 1 2 2 21 0 0 0 0 3
4 2 59 5 2 4 IFO 97.68 0.95 1 3 3 4 0 0 0 0 3
4 2 60 3 2 1 CST 28.47 1.67 1 3 3 16 0 0 0 0 3
4 3 61 1 1 4 IFO 54.24 1.44 1 4 4 27 0 0 0 0 3
4 3 62 4 1 5 ILF 35.10 1.21 1 5 5 14 0 0 0 0 3
4 3 63 2 1 3 CC 13.93 1.30 1 3 3 46 0 0 0 0 3
4 3 64 5 1 2 CG 7.79 1.29 1 2 2 5 0 0 0 0 3
4 3 65 3 1 1 CST 8.75 1.47 1 1 1 94 0 0 0 0 3
4 3 66 1 1 5 ILF 20.58 1.09 1 5 5 38 0 0 0 0 3
4 3 67 4 1 1 CST 10.74 3.26 1 1 1 41 0 0 0 0 3
4 3 68 2 1 3 CC 5.15 2.05 1 3 3 243 0 0 0 0 3
4 3 69 5 1 2 CG 6.75 1.13 1 2 2 6 0 0 0 0 3
4 3 70 3 1 4 IFO 9.36 3.70 1 4 4 23 0 0 0 0 3
4 3 71 1 3 5 ILF 14.27 1.63 1 5 5 31 0 0 0 0 3
4 3 72 4 3 2 CG 3.18 1.76 1 2 2 7 0 0 0 0 3
4 3 73 2 3 4 IFO 8.82 3.38 1 4 4 27 0 0 0 0 3
4 3 74 5 3 1 CST 10.41 2.33 1 1 1 16 0 0 0 0 3
4 3 75 3 3 3 CC 5.60 1.57 1 3 3 29 0 0 0 0 3
4 3 76 1 3 3 CC 6.00 1.79 1 3 3 323 0 0 0 0 3
4 3 77 4 3 1 CST 5.52 1.17 1 1 1 22 0 0 0 0 3
4 3 78 2 3 4 IFO 5.64 1.07 1 4 4 27 0 0 0 0 3
4 3 79 5 3 5 ILF 7.06 0.98 1 5 5 12 0 0 0 0 3
4 3 80 3 3 2 CG 3.74 1.68 1 2 2 21 0 0 0 0 3
4 3 81 1 2 1 CST 10.28 2.86 1 1 1 236 0 0 0 0 3
4 3 82 4 2 5 ILF 11.04 1.97 1 5 5 14 0 0 0 0 3
4 3 83 2 2 2 CG 5.46 2.06 1 2 2 33 0 0 0 0 3
4 3 84 5 2 3 CC 5.31 1.62 1 3 3 19 0 0 0 0 3
4 3 85 3 2 4 IFO 10.63 1.01 1 4 4 19 0 0 0 0 3
4 3 86 1 2 5 ILF 18.27 1.75 1 5 5 38 0 0 0 0 3
4 3 87 4 2 2 CG 3.53 1.73 1 2 2 9 0 0 0 0 3
4 3 88 2 2 4 IFO 20.35 2.91 1 4 4 29 0 0 0 0 3
4 3 89 5 2 1 CST 3.78 1.37 1 1 1 21 0 0 0 0 3
4 3 90 3 2 3 CC 3.71 1.57 1 3 3 188 0 0 0 0 3
4 4 91 1 1 4 IFO 133.46 2.31 1 1 1 77.070827 29.424623 73 0 0 3
4 4 92 4 1 2 CG 38.73 1.26 0 0 1 336.550259 15.378211 29 0 0 3
4 4 93 2 1 3 CC 61.80 2.30 0 0 1 752.058609 25.548270 114 0 0 3
4 4 94 5 1 1 CST 64.17 1.02 0 0 1 293.804151 17.130037 29 0 0 3
4 4 95 3 1 5 ILF 60.07 1.83 0 0 1 725.099476 31.030435 73 0 0 3
4 4 96 1 1 5 ILF 51.12 5.21 1 1 1 46.96903 33.082050 315 0 0 3
4 4 97 4 1 4 IFO 21.85 0.62 1 1 1 3.146758 28.643363 37 0 0 3
4 4 98 2 1 1 CST 43.05 11.87 0 0 1 111.286412 25.123904 211 0 0 3
4 4 99 5 1 2 CG 38.39 2.30 1 1 1 12.295448 12.858324 9 0 0 3
4 4 100 3 1 3 CC 12.17 1.62 1 1 1 21.913143 22.274494 45 0 0 3
4 4 101 1 3 3 CC 9.09 1.66 0 0 1 77.405227 25.548269 25 0 0 3
4 4 102 4 3 1 CST 4.30 1.09 1 1 1 35.78123 17.130038 26 0 0 3
4 4 103 2 3 2 CG 2.30 0.85 0 0 1 63.936602 15.378211 7 0 0 3
4 4 104 5 3 4 IFO 4.67 1.42 1 1 1 49.042931 29.424625 6 0 0 3
4 4 105 3 3 5 ILF 3.52 0.93 0 0 1 173.21246 31.030435 23 0 0 3
4 4 106 1 3 3 CC 13.07 1.24 1 1 1 10.997505 22.274492 81 0 0 3
4 4 107 4 3 1 CST 6.55 1.15 1 1 1 44.224418 25.123905 45 0 0 3
4 4 108 2 3 5 ILF 2.87 0.93 1 1 1 90.253593 33.082050 27 0 0 3
4 4 109 5 3 2 CG 4.55 1.21 1 1 1 59.00755 14.605761 3 0 0 3
4 4 110 3 3 4 IFO 2.79 1.02 1 1 1 70.567961 28.643362 31 0 0 3
4 4 111 1 2 1 CST 21.23 1.50 0 0 1 461.190712 17.130037 136 0 0 3
4 4 112 4 2 4 IFO 5.24 1.09 0 0 1 78.351406 29.424623 24 0 0 3
4 4 113 2 2 3 CC 11.73 1.14 1 1 1 12.69402 25.548268 94 0 0 3
4 4 114 5 2 5 ILF 9.50 1.43 1 1 1 84.923119 31.030435 34 0 0 3
4 4 115 3 2 2 CG 74.36 5.40 0 0 1 315.260495 15.378211 19 0 0 3
4 4 116 1 2 1 CST 16.54 1.53 0 0 1 411.128185 25.123904 408 0 0 3
4 4 117 4 2 2 CG 35.36 1.71 0 0 1 466.762481 12.858325 18 0 0 3
4 4 118 2 2 5 ILF 11.31 1.23 0 0 1 92.463802 33.082050 88 0 0 3
4 4 119 5 2 4 IFO 18.07 1.24 1 1 1 23.014101 28.643363 26 0 0 3
4 4 120 3 2 3 CC 4.71 1.24 0 0 1 49.499367 22.274493 45 0 0 3
4 5 121 1 1 5 ILF 33.93 1.63 1 1 1 39 19 0 0 0 3
4 5 122 4 1 2 CG 5.47 1.93 1 1 1 11 4 0 0 0 3
4 5 123 2 1 3 CC 23.63 2.17 1 1 1 82 41 0 0 0 3
4 5 124 5 1 4 IFO 6.63 2.18 1 1 1 9 4 0 0 0 3
4 5 125 3 1 1 CST 8.91 1.42 1 2 2 26 13 0 0 0 3
4 5 126 1 1 5 ILF 15.78 1.38 1 1 1 40 19 0 0 0 3
4 5 127 4 1 2 CG 4.76 1.17 1 2 2 6 3 0 0 0 3
4 5 128 2 1 3 CC 11.19 1.25 1 1 1 70 35 0 0 0 3
4 5 129 5 1 1 CST 13.44 2.39 1 2 2 17 9 0 0 0 3
4 5 130 3 1 4 IFO 9.11 1.27 1 1 1 15 7 0 0 0 3
4 5 131 1 3 2 CG 7.11 4.29 1 1 1 26 13 0 0 0 3
4 5 132 4 3 1 CST 17.59 2.86 1 1 1 27 14 0 0 0 3
4 5 133 2 3 3 CC 5.04 1.30 1 1 1 32 16 0 0 0 3
4 5 134 5 3 5 ILF 8.77 1.76 1 1 1 12 6 0 0 0 3
4 5 135 3 3 4 IFO 4.98 1.55 1 2 2 17 7 0 0 0 3
4 5 136 1 3 2 CG 5.56 0.89 1 1 1 13 6 0 0 0 3
4 5 137 4 3 1 CST 8.20 1.31 1 2 2 17 9 0 0 0 3
4 5 138 2 3 4 IFO 206.37 189.05 1 1 1 18 9 0 0 0 3
4 5 139 5 3 3 CC 3.52 0.92 1 2 2 18 9 0 0 0 3
4 5 140 3 3 5 ILF 4.07 1.03 1 1 1 25 12 0 0 0 3
4 5 141 1 2 4 IFO 7.38 1.72 1 1 1 25 12 0 0 0 3
4 5 142 4 2 2 CG 4.39 1.31 1 1 1 11 5 0 0 0 3
4 5 143 2 2 1 CST 6.28 1.98 1 1 1 51 26 0 0 0 3
4 5 144 5 2 5 ILF 4.34 1.59 1 1 1 13 6 0 0 0 3
4 5 145 3 2 3 CC 13.46 1.54 1 2 2 76 38 0 0 0 3
4 5 146 1 2 1 CST 4.57 1.29 1 1 1 61 31 0 0 0 3
4 5 147 4 2 4 IFO 30.75 1.34 1 2 2 13 5 0 0 0 3
4 5 148 2 2 2 CG 5.70 1.71 1 1 1 10 5 0 0 0 3
4 5 149 5 2 3 CC 9.63 1.43 1 2 2 29 15 0 0 0 3
4 5 150 3 2 5 ILF 9.28 1.21 1 1 1 29 14 0 0 0 3
4 6 151 1 1 1 CST 19.39 1.51 1 2 2 1 3 0 0 0 3
4 6 152 4 1 3 CC 24.96 2.65 1 2 2 4 3 0 0 0 3
4 6 153 2 1 1 CST 12.05 3.54 1 2 2 2 5 0 0 0 3
4 6 154 5 1 3 CC 24.72 1.57 1 2 2 5 4 0 0 0 3
4 6 155 3 1 2 CG 32.18 5.79 1 2 2 3 4 0 0 0 3
4 6 156 1 1 2 CG 6.58 1.39 1 2 2 1 5 0 0 0 3
4 6 157 4 1 1 CST 8.38 2.35 1 2 2 4 1 0 0 0 3
4 6 158 2 1 3 CC 25.23 2.70 0 1 2 2 1 0 0 0 3
4 6 159 5 1 3 CC 14.52 1.78 1 1 1 5 5 0 0 0 3
4 6 160 3 1 1 CST 30.05 1.46 1 2 2 3 2 0 0 0 3
4 6 161 1 3 1 CST 20.31 2.42 0 1 2 1 3 0 0 0 3
4 6 162 4 3 3 CC 8.64 2.00 1 2 2 4 5 0 0 0 3
4 6 163 2 3 1 CST 13.42 2.19 0 1 2 2 3 0 0 0 3
4 6 164 5 3 2 CG 6.31 1.69 1 2 2 5 4 0 0 0 3
4 6 165 3 3 3 CC 6.65 2.73 1 2 2 3 5 0 0 0 3
4 6 166 1 3 2 CG 6.91 2.95 0 2 1 1 1 0 0 0 3
4 6 167 4 3 1 CST 10.49 3.32 1 2 2 4 3 0 0 0 3
4 6 168 2 3 3 CC 6.56 3.82 1 2 2 2 5 0 0 0 3
4 6 169 5 3 3 CC 3.32 3.03 1 2 2 5 4 0 0 0 3
4 6 170 3 3 1 CST 16.90 1.59 0 1 2 3 4 0 0 0 3
4 6 171 1 2 1 CST 6.55 1.39 1 2 2 1 5 0 0 0 3
4 6 172 4 2 1 CST 15.11 3.62 0 1 2 4 3 0 0 0 3
4 6 173 2 2 3 CC 11.74 4.18 1 1 1 2 2 0 0 0 3
4 6 174 5 2 3 CC 10.29 10.10 1 2 2 5 3 0 0 0 3
4 6 175 3 2 2 CG 10.61 1.34 1 1 1 3 3 0 0 0 3
4 6 176 1 2 3 CC 17.92 2.13 1 1 1 1 1 0 0 0 3
4 6 177 4 2 2 CG 3.58 3.58 1 2 2 4 2 0 0 0 3
4 6 178 2 2 3 CC 10.21 2.55 1 1 1 2 2 0 0 0 3
4 6 179 5 2 1 CST 2.95 1.19 1 2 2 5 1 0 0 0 3
4 6 180 3 2 1 CST 5.86 2.83 1 2 2 3 5 0 0 0 3
5 1 1 3 1 3 CC 35.92 2.74 1 3 3 0.064932 0.337284 68 0.402217 101 3
5 1 2 2 1 4 IFO 19.84 2.47 1 3 3 0.094432 0.205555 88 0.299987 93 3
5 1 3 1 1 5 ILF 39.84 2.66 1 2 2 0.146700 0.386188 125 0.239488 257 3
5 1 4 4 1 2 CG 30.46 3.00 1 2 2 0.013783 0.226457 33 0.212674 36 3
5 1 5 5 1 1 CST 48.06 3.80 1 3 3 0.051086 0.206575 27 0.257661 75 3
5 1 6 3 1 4 IFO 15.64 2.38 1 3 3 0.105735 0.217708 54 0.323443 79 3
5 1 7 2 1 2 CG 17.80 1.84 1 2 2 0.079956 0.257620 114 0.177664 52 3
5 1 8 1 1 1 CST 37.56 2.68 0 1 2 0.072686 0.229279 144 0.156592 50 3
5 1 9 4 1 5 ILF 14.92 1.70 1 2 2 0.126348 0.385617 30 0.259270 43 3
5 1 10 5 1 3 CC 7.18 2.59 1 2 2 0.151894 0.339511 31 0.187618 16 3
5 1 11 3 3 5 ILF 13.60 3.82 1 2 2 0.196849 0.489367 21 0.292518 25 3
5 1 12 2 3 1 CST 22.11 2.08 1 3 3 0.086931 0.172893 35 0.259824 68 3
5 1 13 1 3 4 IFO 31.85 3.39 0 1 3 0.067913 0.204354 50 0.272267 17 3
5 1 14 4 3 3 CC 15.30 1.76 0 1 3 0.050614 0.352564 48 0.403178 58 3
5 1 15 5 3 2 CG 10.78 1.76 1 2 2 0.060391 0.208729 3 0.148337 1 3
5 1 16 3 3 2 CG 9.30 1.94 1 2 2 0.088227 0.269946 8 0.181719 5 3
5 1 17 2 3 5 ILF 10.22 1.59 1 2 2 0.151964 0.433052 16 0.281089 27 3
5 1 18 1 3 4 IFO 10.16 1.62 1 3 3 0.025840 0.247772 25 0.273612 17 3
5 1 19 4 3 1 CST 12.75 1.78 1 2 2 0.102344 0.361477 16 0.259134 13 3
5 1 20 5 3 3 CC 8.82 1.33 1 2 2 0.177737 0.356517 29 0.178780 16 3
5 1 21 3 2 1 CST 16.57 2.53 0 2 3 0.038877 0.215248 72 0.254125 8 3
5 1 22 2 2 2 CG 15.17 1.50 0 1 2 0.022648 0.214584 41 0.191936 52 3
5 1 23 1 2 3 CC 28.33 1.80 0 1 3 0.062630 0.323016 125 0.385646 207 3
5 1 24 4 2 4 IFO 18.50 1.74 0 1 3 0.110085 0.212555 38 0.322640 42 3
5 1 25 5 2 5 ILF 7.79 1.14 1 2 2 0.124534 0.380473 32 0.255939 41 3
5 1 26 3 2 1 CST 21.50 2.41 0 3 2 0.057711 0.326588 7 0.268877 12 3
5 1 27 2 2 2 CG 8.07 1.70 1 2 2 0.075850 0.255905 121 0.180055 62 3
5 1 28 1 2 5 ILF 44.84 1.93 1 2 2 0.123905 0.371128 94 0.247224 130 3
5 1 29 4 2 4 IFO 15.89 1.79 1 3 3 0.124771 0.210484 46 0.335255 47 3
5 1 30 5 2 3 CC 7.87 2.25 1 2 2 0.152064 0.339299 31 0.187234 16 3
5 2 31 3 1 2 CG 25.25 2.68 1 2 2 8 0 0 0 0 3
5 2 32 2 1 3 CC 65.67 1.65 0 3 2 13 0 0 0 0 3
5 2 33 1 1 1 CST 237.26 158.17 1 2 2 72 0 0 0 0 3
5 2 34 4 1 5 ILF 87.14 1.69 1 2 2 9 0 0 0 0 3
5 2 35 5 1 4 IFO 23.99 2.57 0 1 3 7 0 0 0 0 3
5 2 36 3 1 4 IFO 25.31 1.83 1 3 3 6 0 0 0 0 3
5 2 37 2 1 3 CC 66.67 2.26 1 2 2 21 0 0 0 0 3
5 2 38 1 1 2 CG 9.39 1.85 1 1 1 12 0 0 0 0 3
5 2 39 4 1 5 ILF 54.01 1.40 1 2 2 10 0 0 0 0 3
5 2 40 5 1 1 CST 33.61 5.56 1 2 2 9 0 0 0 0 3
5 2 41 3 3 3 CC 8.11 1.90 1 1 1 11 0 0 0 0 3
5 2 42 2 3 2 CG 5.94 2.42 1 2 2 12 0 0 0 0 3
5 2 43 1 3 4 IFO 9.16 1.76 1 3 3 24 0 0 0 0 3
5 2 44 4 3 1 CST 9.01 1.76 1 3 3 10 0 0 0 0 3
5 2 45 5 3 5 ILF 6.69 1.26 0 2 3 7 0 0 0 0 3
5 2 46 3 3 3 CC 6.40 3.10 1 1 1 15 0 0 0 0 3
5 2 47 2 3 4 IFO 7.75 1.74 1 2 2 11 0 0 0 0 3
5 2 48 1 3 5 ILF 48.00 2.29 1 2 2 22 0 0 0 0 3
5 2 49 4 3 1 CST 8.58 2.35 0 1 3 14 0 0 0 0 3
5 2 50 5 3 2 CG 7.34 1.08 1 2 2 3 0 0 0 0 3
5 2 51 3 2 2 CG 5.30 1.37 1 2 2 8 0 0 0 0 3
5 2 52 2 2 1 CST 10.16 1.59 0 1 2 44 0 0 0 0 3
5 2 53 1 2 4 IFO 38.48 2.07 1 3 3 24 0 0 0 0 3
5 2 54 4 2 3 CC 7.81 1.33 1 3 3 8 0 0 0 0 3
5 2 55 5 2 5 ILF 9.29 1.74 0 2 3 7 0 0 0 0 3
5 2 56 3 2 4 IFO 22.22 2.21 1 3 3 6 0 0 0 0 3
5 2 57 2 2 1 CST 10.54 2.01 0 3 2 40 0 0 0 0 3
5 2 58 1 2 3 CC 11.42 1.55 1 3 3 30 0 0 0 0 3
5 2 59 4 2 5 ILF 9.81 1.43 0 1 2 10 0 0 0 0 3
5 2 60 5 2 2 CG 6.06 2.43 1 2 2 5 0 0 0 0 3
5 3 61 3 1 2 CG 17.33 6.29 1 2 2 19 0 0 0 0 3
5 3 62 2 1 1 CST 13.01 1.54 1 1 1 145 0 0 0 0 3
5 3 63 1 1 4 IFO 21.02 2.39 0 1 4 27 0 0 0 0 3
5 3 64 4 1 3 CC 5.42 1.73 1 3 3 29 0 0 0 0 3
5 3 65 5 1 5 ILF 47.92 5.10 1 5 5 11 0 0 0 0 3
5 3 66 3 1 2 CG 24.43 7.94 1 2 2 21 0 0 0 0 3
5 3 67 2 1 3 CC 5.08 2.65 1 3 3 243 0 0 0 0 3
5 3 68 1 1 1 CST 8.98 1.65 1 1 1 137 0 0 0 0 3
5 3 69 4 1 5 ILF 24.31 9.89 1 5 5 18 0 0 0 0 3
5 3 70 5 1 4 IFO 9.18 1.26 1 4 4 11 0 0 0 0 3
5 3 71 3 3 5 ILF 11.28 5.28 1 5 5 23 0 0 0 0 3
5 3 72 2 3 1 CST 16.50 1.51 1 1 1 142 0 0 0 0 3
5 3 73 1 3 4 IFO 21.75 1.94 1 4 4 33 0 0 0 0 3
5 3 74 4 3 2 CG 8.04 2.21 1 2 2 7 0 0 0 0 3
5 3 75 5 3 3 CC 3.07 1.75 1 3 3 19 0 0 0 0 3
5 3 76 3 3 3 CC 2.35 1.27 1 3 3 186 0 0 0 0 3
5 3 77 2 3 1 CST 12.47 1.90 1 1 1 88 0 0 0 0 3
5 3 78 1 3 4 IFO 10.25 3.67 1 4 4 33 0 0 0 0 3
5 3 79 4 3 5 ILF 3.46 1.14 1 5 5 18 0 0 0 0 3
5 3 80 5 3 2 CG 8.01 3.43 1 2 2 6 0 0 0 0 3
5 3 81 3 2 4 IFO 77.55 2.16 1 4 4 19 0 0 0 0 3
5 3 82 2 2 5 ILF 30.39 2.07 1 5 5 26 0 0 0 0 3
5 3 83 1 2 3 CC 5.34 2.38 1 3 3 60 0 0 0 0 3
5 3 84 4 2 1 CST 31.80 1.96 1 1 1 57 0 0 0 0 3
5 3 85 5 2 2 CG 14.91 2.58 1 2 2 5 0 0 0 0 3
5 3 86 3 2 3 CC 24.02 21.79 1 3 3 188 0 0 0 0 3
5 3 87 2 2 1 CST 5.20 1.23 1 1 1 97 0 0 0 0 3
5 3 88 1 2 4 IFO 60.23 1.85 1 4 4 34 0 0 0 0 3
5 3 89 4 2 2 CG 4.72 1.98 1 2 2 9 0 0 0 0 3
5 3 90 5 2 5 ILF 4.90 2.18 1 5 5 12 0 0 0 0 3
5 4 91 3 1 2 CG 283.75 4.70 0 0 1 97.098786 15.378211 47 0 0 3
5 4 92 2 1 4 IFO 26.16 3.01 1 1 1 23.289001 29.424623 48 0 0 3
5 4 93 1 1 3 CC 221.49 3.39 0 0 1 587.177158 25.548270 179 0 0 3
5 4 94 4 1 1 CST 38.91 0.82 0 0 1 53.246297 17.130038 47 0 0 3
5 4 95 5 1 5 ILF 30.97 2.58 0 0 1 87.740063 31.030435 44 0 0 3
5 4 96 3 1 5 ILF 27.83 1.54 1 1 1 96.764064 33.082050 147 0 0 3
5 4 97 2 1 3 CC 163.05 2.83 1 1 1 34.099125 22.274492 67 0 0 3
5 4 98 1 1 1 CST 71.83 0.72 0 0 1 174.137629 25.123904 407 0 0 3
5 4 99 4 1 4 IFO 32.03 3.71 1 1 1 73.913969 28.643363 37 0 0 3
5 4 100 5 1 2 CG 33.36 0.64 0 0 1 103.739082 12.858324 9 0 0 3
5 4 101 3 3 5 ILF 8.75 2.15 0 0 1 111.328441 31.030435 23 0 0 3
5 4 102 2 3 4 IFO 26.70 20.02 0 0 1 83.042395 29.424624 17 0 0 3
5 4 103 1 3 1 CST 13.38 1.82 0 0 1 83.486255 17.130037 83 0 0 3
5 4 104 4 3 3 CC 22.56 1.75 1 1 1 47.653184 25.548268 11 0 0 3
5 4 105 5 3 2 CG 5.70 1.80 0 0 1 111.849943 15.378211 4 0 0 3
5 4 106 3 3 2 CG 10.04 1.54 0 0 1 118.690728 12.858325 8 0 0 3
5 4 107 2 3 5 ILF 3.99 1.37 1 1 1 131.798854 33.082050 27 0 0 3
5 4 108 1 3 3 CC 30.91 1.78 0 0 1 352.648804 22.274492 81 0 0 3
5 4 109 4 3 1 CST 5.61 1.53 0 0 1 126.217753 25.123905 45 0 0 3
5 4 110 5 3 4 IFO 6.96 1.23 1 1 1 70.5002 28.643362 15 0 0 3
5 4 111 3 2 2 CG 36.75 1.55 0 0 1 395.651629 15.378211 19 0 0 3
5 4 112 2 2 5 ILF 24.49 1.42 0 0 1 152.689267 31.030435 94 0 0 3
5 4 113 1 2 3 CC 22.69 1.05 0 0 1 631.955072 25.548268 140 0 0 3
5 4 114 4 2 1 CST 34.00 2.30 0 0 1 80.035086 17.130037 31 0 0 3
5 4 115 5 2 4 IFO 40.59 0.68 0 0 1 150.486012 29.424623 11 0 0 3
5 4 116 3 2 1 CST 16.22 1.55 0 0 1 351.469609 25.123904 148 0 0 3
5 4 117 2 2 3 CC 15.33 1.50 0 0 1 104.487876 22.274493 67 0 0 3
5 4 118 1 2 4 IFO 19.96 0.59 0 0 1 194.595861 28.643363 108 0 0 3
5 4 119 4 2 5 ILF 26.45 2.22 1 1 1 62.231728 33.082050 31 0 0 3
5 4 120 5 2 2 CG 150.85 0.73 0 0 1 462.095676 12.858325 7 0 0 3
5 5 121 3 1 4 IFO 15.82 2.02 0 1 2 17 7 0 0 0 3
5 5 122 2 1 5 ILF 32.90 2.77 1 2 2 30 14 0 0 0 3
5 5 123 1 1 3 CC 16.11 1.34 1 2 2 137 69 0 0 0 3
5 5 124 4 1 2 CG 12.32 2.71 1 2 2 11 4 0 0 0 3
5 5 125 5 1 1 CST 6.70 1.32 1 1 1 16 8 0 0 0 3
5 5 126 3 1 3 CC 5.45 1.39 1 1 1 47 24 0 0 0 3
5 5 127 2 1 4 IFO 7.64 1.91 1 1 1 18 8 0 0 0 3
5 5 128 1 1 5 ILF 22.16 1.99 1 2 2 40 19 0 0 0 3
5 5 129 4 1 2 CG 5.91 2.72 1 1 1 6 3 0 0 0 3
5 5 130 5 1 1 CST 4.84 1.38 1 1 1 17 9 0 0 0 3
5 5 131 3 3 3 CC 3.33 1.89 1 2 2 36 18 0 0 0 3
5 5 132 2 3 1 CST 10.00 1.42 1 2 2 52 26 0 0 0 3
5 5 133 1 3 5 ILF 6.30 1.39 1 2 2 29 14 0 0 0 3
5 5 134 4 3 4 IFO 2.91 1.59 0 1 2 13 6 0 0 0 3
5 5 135 5 3 2 CG 2.52 1.34 1 1 1 5 2 0 0 0 3
5 5 136 3 3 3 CC 2.36 1.30 1 1 1 23 12 0 0 0 3
5 5 137 2 3 2 CG 1.97 1.02 1 1 1 10 5 0 0 0 3
5 5 138 1 3 5 ILF 3.61 1.45 1 2 2 32 15 0 0 0 3
5 5 139 4 3 4 IFO 2.37 1.30 1 1 1 13 6 0 0 0 3
5 5 140 5 3 1 CST 4.83 1.07 1 1 1 7 4 0 0 0 3
5 5 141 3 2 1 CST 10.66 2.90 0 1 2 33 17 0 0 0 3
5 5 142 2 2 5 ILF 6.85 1.47 1 2 2 30 14 0 0 0 3
5 5 143 1 2 2 CG 2.78 0.91 1 2 2 41 20 0 0 0 3
5 5 144 4 2 3 CC 3.33 1.77 1 2 2 37 19 0 0 0 3
5 5 145 5 2 4 IFO 6.26 2.16 1 1 1 9 4 0 0 0 3
5 5 146 3 2 5 ILF 11.81 1.79 1 1 1 29 14 0 0 0 3
5 5 147 2 2 3 CC 4.45 1.35 1 1 1 70 35 0 0 0 3
5 5 148 1 2 2 CG 8.91 0.69 1 2 2 13 6 0 0 0 3
5 5 149 4 2 1 CST 4.06 1.78 1 1 1 21 11 0 0 0 3
5 5 150 5 2 4 IFO 8.22 1.24 1 1 1 8 3 0 0 0 3
5 6 151 3 1 2 CG 41.94 3.32 1 2 2 3 2 0 0 0 3
5 6 152 2 1 3 CC 8.68 5.43 1 2 2 2 4 0 0 0 3
5 6 153 1 1 3 CC 14.54 2.37 0 1 2 1 2 0 0 0 3
5 6 154 4 1 1 CST 3.99 1.90 1 2 2 4 2 0 0 0 3
5 6 155 5 1 1 CST 4.67 2.48 1 2 2 5 4 0 0 0 3
5 6 156 3 1 1 CST 6.37 2.42 1 2 2 3 4 0 0 0 3
5 6 157 2 1 3 CC 11.02 2.37 0 1 2 2 1 0 0 0 3
5 6 158 1 1 3 CC 7.16 7.16 1 2 2 1 5 0 0 0 3
5 6 159 4 1 2 CG 6.44 2.14 1 2 2 4 3 0 0 0 3
5 6 160 5 1 1 CST 3.51 2.06 1 2 2 5 3 0 0 0 3
5 6 161 3 3 3 CC 9.70 3.20 0 1 2 3 4 0 0 0 3
5 6 162 2 3 2 CG 2.78 1.59 1 2 2 2 4 0 0 0 3
5 6 163 1 3 1 CST 3.95 3.26 1 2 2 1 4 0 0 0 3
5 6 164 4 3 1 CST 3.71 2.27 1 2 2 4 3 0 0 0 3
5 6 165 5 3 3 CC 4.42 4.32 1 2 2 5 3 0 0 0 3
5 6 166 3 3 2 CG 2.89 1.97 1 2 2 3 4 0 0 0 3
5 6 167 2 3 3 CC 2.70 1.82 1 2 2 2 4 0 0 0 3
5 6 168 1 3 1 CST 6.87 3.76 1 1 1 1 1 0 0 0 3
5 6 169 4 3 1 CST 2.87 1.57 1 2 2 4 1 0 0 0 3
5 6 170 5 3 3 CC 7.83 4.11 1 1 1 5 5 0 0 0 3
5 6 171 3 2 1 CST 3.53 1.71 1 2 2 3 5 0 0 0 3
5 6 172 2 2 3 CC 2.70 2.70 1 2 2 2 5 0 0 0 3
5 6 173 1 2 1 CST 4.77 1.51 1 1 1 1 1 0 0 0 3
5 6 174 4 2 3 CC 3.35 2.02 1 2 2 4 2 0 0 0 3
5 6 175 5 2 2 CG 2.56 1.44 1 2 2 5 2 0 0 0 3
5 6 176 3 2 2 CG 2.84 1.22 1 2 2 3 2 0 0 0 3
5 6 177 2 2 3 CC 5.34 5.34 1 2 2 2 5 0 0 0 3
5 6 178 1 2 1 CST 2.92 2.92 1 2 2 1 2 0 0 0 3
5 6 179 4 2 3 CC 3.32 1.91 1 2 2 4 1 0 0 0 3
5 6 180 5 2 1 CST 2.82 1.87 1 2 2 5 2 0 0 0 3
