Pid Tid Torder Res Dcls Did Bname Time htime Correct Ans Key ec1 ec2 ec3 ec4 ec5 ec6 ec7 stereo
1 1 1 5 1 5 ILF 20.26 1.54 1 2 2 0.123699 0.379777 32 0.256078 42 0.019307 0.006194 2
1 1 2 1 1 2 CG 26.03 5.13 0 2 1 0.000173 0.200168 52 0.199995 93 0.005188 0.005497 2
1 1 3 3 1 3 CC 21.51 1.50 1 3 3 0.064932 0.337284 68 0.402217 101 0.014653 0.025497 2
1 1 4 2 1 1 CST 61.25 1.89 0 2 3 0.034802 0.189707 105 0.224510 288 0.004141 0.004376 2
1 1 5 4 1 4 IFO 10.51 2.24 1 3 3 0.101619 0.212555 38 0.314174 45 0.005395 0.010391 2
1 1 6 5 1 4 IFO 26.88 2.03 1 3 3 0.074520 0.241066 20 0.315585 34 0.007228 0.009236 2
1 1 7 1 1 2 CG 11.40 1.79 1 2 2 0.056719 0.247650 155 0.190931 105 0.011519 0.004733 2
1 1 8 3 1 3 CC 9.49 1.60 1 2 2 0.169901 0.347839 66 0.177938 35 0.009577 0.003677 2
1 1 9 2 1 5 ILF 13.78 1.32 1 2 2 0.108200 0.368033 68 0.259833 92 0.020689 0.003282 2
1 1 10 4 1 1 CST 37.84 1.13 1 2 2 0.072497 0.352947 54 0.280450 39 0.009050 0.015119 2
1 1 11 5 3 2 CG 23.09 5.04 1 2 2 0.060391 0.208729 3 0.148337 1 0.002215 0.000277 2
1 1 12 1 3 5 ILF 5.55 2.01 1 2 2 0.195103 0.482067 30 0.286964 32 0.011031 0.003955 2
1 1 13 3 3 4 IFO 12.30 1.35 1 3 3 0.085497 0.200806 31 0.286302 13 0.002749 0.010621 2
1 1 14 2 3 3 CC 39.65 7.51 1 3 3 0.020564 0.349781 74 0.370345 118 0.012386 0.023785 2
1 1 15 4 3 1 CST 18.29 1.96 1 3 3 0.021545 0.168402 5 0.189947 17 0.002612 0.002291 2
1 1 16 5 3 4 IFO 25.37 1.24 0 2 3 0.041264 0.258393 9 0.299657 7 0.004495 0.004678 2
1 1 17 1 3 5 ILF 5.11 2.00 1 2 2 0.175807 0.450275 18 0.274468 31 0.017527 0.000836 2
1 1 18 3 3 1 CST 16.96 1.38 0 3 2 0.036096 0.319960 16 0.283864 13 0.004582 0.015714 2
1 1 19 2 3 3 CC 15.00 1.56 1 2 2 0.199576 0.382308 67 0.182732 43 0.008263 0.004337 2
1 1 20 4 3 2 CG 6.57 1.34 1 2 2 0.160786 0.286801 2 0.126015 1 0.004157 0.000450 2
1 1 21 5 2 5 ILF 9.31 1.04 1 2 2 0.124534 0.380473 32 0.255939 41 0.019284 0.006193 2
1 1 22 1 2 1 CST 22.24 1.79 0 2 3 0.041798 0.198220 178 0.240018 42 0.004948 0.004738 2
1 1 23 3 2 3 CC 25.77 2.48 1 3 3 0.064673 0.337143 68 0.401816 101 0.014401 0.025423 2
1 1 24 2 2 2 CG 25.87 1.14 0 3 2 0.022648 0.214584 41 0.191936 52 0.005025 0.003658 2
1 1 25 4 2 4 IFO 12.53 2.92 1 3 3 0.110085 0.212555 38 0.322640 42 0.005395 0.009325 2
1 1 26 5 2 3 CC 12.23 3.63 1 2 2 0.152064 0.339299 31 0.187234 16 0.009981 0.003961 2
1 1 27 1 2 1 CST 9.02 1.32 1 2 2 0.131271 0.345843 18 0.214572 31 0.004190 0.014201 2
1 1 28 3 2 5 ILF 15.69 1.87 1 2 2 0.121723 0.377593 52 0.255870 64 0.019643 0.002371 2
1 1 29 2 2 2 CG 9.00 1.41 1 2 2 0.075850 0.255905 121 0.180055 62 0.011054 0.003131 2
1 1 30 4 2 4 IFO 14.61 1.63 1 3 3 0.124771 0.210484 46 0.335255 47 0.006750 0.011909 2
1 2 31 5 1 3 CC 71.27 2.88 1 1 1 10 0 0 0 0 0 0 2
1 2 32 1 1 2 CG 20.27 1.78 1 1 1 21 0 0 0 0 0 0 2
1 2 33 3 1 5 ILF 38.20 3.10 1 3 3 18 0 0 0 0 0 0 2
1 2 34 2 1 1 CST 42.55 2.44 0 3 2 44 0 0 0 0 0 0 2
1 2 35 4 1 4 IFO 23.11 3.18 1 2 2 12 0 0 0 0 0 0 2
1 2 36 5 1 2 CG 11.43 1.31 1 2 2 5 0 0 0 0 0 0 2
1 2 37 1 1 5 ILF 45.54 1.33 1 2 2 24 0 0 0 0 0 0 2
1 2 38 3 1 1 CST 23.00 1.55 0 1 3 16 0 0 0 0 0 0 2
1 2 39 2 1 4 IFO 26.67 1.17 1 2 2 11 0 0 0 0 0 0 2
1 2 40 4 1 3 CC 21.51 4.47 0 2 3 12 0 0 0 0 0 0 2
1 2 41 5 3 3 CC 23.60 1.42 0 3 1 10 0 0 0 0 0 0 2
1 2 42 1 3 1 CST 10.69 1.95 1 2 2 72 0 0 0 0 0 0 2
1 2 43 3 3 5 ILF 21.44 1.28 1 3 3 18 0 0 0 0 0 0 2
1 2 44 2 3 2 CG 10.01 1.34 1 2 2 12 0 0 0 0 0 0 2
1 2 45 4 3 4 IFO 11.31 1.02 1 2 2 12 0 0 0 0 0 0 2
1 2 46 5 3 3 CC 12.78 2.07 1 1 1 10 0 0 0 0 0 0 2
1 2 47 1 3 2 CG 7.53 1.34 1 1 1 12 0 0 0 0 0 0 2
1 2 48 3 3 1 CST 11.89 1.58 1 3 3 16 0 0 0 0 0 0 2
1 2 49 2 3 5 ILF 14.74 1.61 1 2 2 18 0 0 0 0 0 0 2
1 2 50 4 3 4 IFO 14.29 1.64 0 3 2 5 0 0 0 0 0 0 2
1 2 51 5 2 4 IFO 26.34 1.14 1 3 3 7 0 0 0 0 0 0 2
1 2 52 1 2 5 ILF 21.06 1.23 1 2 2 20 0 0 0 0 0 0 2
1 2 53 3 2 3 CC 18.04 1.60 1 1 1 11 0 0 0 0 0 0 2
1 2 54 2 2 1 CST 13.71 0.99 0 3 2 44 0 0 0 0 0 0 2
1 2 55 4 2 2 CG 10.62 2.51 1 1 1 4 0 0 0 0 0 0 2
1 2 56 5 2 1 CST 5.89 0.84 1 2 2 9 0 0 0 0 0 0 2
1 2 57 1 2 2 CG 13.76 1.37 1 1 1 12 0 0 0 0 0 0 2
1 2 58 3 2 5 ILF 39.59 1.40 0 2 3 19 0 0 0 0 0 0 2
1 2 59 2 2 3 CC 20.39 2.62 1 2 2 21 0 0 0 0 0 0 2
1 2 60 4 2 4 IFO 18.35 2.21 0 3 2 5 0 0 0 0 0 0 2
1 3 61 5 1 4 IFO 33.92 2.62 1 4 4 10 0 0 0 0 0 0 2
1 3 62 1 1 2 CG 9.98 1.26 1 2 2 35 0 0 0 0 0 0 2
1 3 63 3 1 1 CST 11.55 1.84 1 1 1 94 0 0 0 0 0 0 2
1 3 64 2 1 3 CC 7.13 2.38 1 3 3 46 0 0 0 0 0 0 2
1 3 65 4 1 5 ILF 17.02 2.28 1 5 5 14 0 0 0 0 0 0 2
1 3 66 5 1 2 CG 15.16 1.58 1 2 2 6 0 0 0 0 0 0 2
1 3 67 1 1 3 CC 6.32 1.70 1 3 3 329 0 0 0 0 0 0 2
1 3 68 3 1 5 ILF 14.47 1.10 1 5 5 27 0 0 0 0 0 0 2
1 3 69 2 1 4 IFO 14.05 2.72 1 4 4 29 0 0 0 0 0 0 2
1 3 70 4 1 1 CST 5.31 1.85 1 1 1 41 0 0 0 0 0 0 2
1 3 71 5 3 5 ILF 6.97 2.16 1 5 5 11 0 0 0 0 0 0 2
1 3 72 1 3 2 CG 3.68 2.32 1 2 2 35 0 0 0 0 0 0 2
1 3 73 3 3 4 IFO 11.51 2.18 1 4 4 23 0 0 0 0 0 0 2
1 3 74 2 3 1 CST 11.68 2.02 1 1 1 142 0 0 0 0 0 0 2
1 3 75 4 3 3 CC 6.43 4.43 1 3 3 29 0 0 0 0 0 0 2
1 3 76 5 3 4 IFO 12.14 2.18 1 4 4 11 0 0 0 0 0 0 2
1 3 77 1 3 3 CC 14.19 4.46 1 3 3 323 0 0 0 0 0 0 2
1 3 78 3 3 5 ILF 11.24 5.82 1 5 5 27 0 0 0 0 0 0 2
1 3 79 2 3 1 CST 9.71 1.86 1 1 1 88 0 0 0 0 0 0 2
1 3 80 4 3 2 CG 6.30 1.83 1 2 2 9 0 0 0 0 0 0 2
1 3 81 5 2 2 CG 4.99 1.27 1 2 2 5 0 0 0 0 0 0 2
1 3 82 1 2 4 IFO 18.04 2.00 1 4 4 27 0 0 0 0 0 0 2
1 3 83 3 2 3 CC 4.46 2.15 1 3 3 29 0 0 0 0 0 0 2
1 3 84 2 2 1 CST 5.24 2.35 1 1 1 145 0 0 0 0 0 0 2
1 3 85 4 2 5 ILF 9.20 2.21 1 5 5 14 0 0 0 0 0 0 2
1 3 86 5 2 2 CG 5.13 1.87 1 2 2 6 0 0 0 0 0 0 2
1 3 87 1 2 3 CC 4.64 1.91 1 3 3 329 0 0 0 0 0 0 2
1 3 88 3 2 5 ILF 3.65 1.94 1 5 5 27 0 0 0 0 0 0 2
1 3 89 2 2 1 CST 9.72 1.73 1 1 1 97 0 0 0 0 0 0 2
1 3 90 4 2 4 IFO 12.56 1.59 1 4 4 18 0 0 0 0 0 0 2
1 4 91 5 1 3 CC 69.07 2.70 0 0 1 550.38387 25.548268 35 0 0 0 0 2
1 4 92 1 1 1 CST 73.63 1.78 0 0 1 308.719675 17.130037 146 0 0 0 0 2
1 4 93 3 1 2 CG 21.49 1.23 0 0 1 206.416211 15.378211 47 0 0 0 0 2
1 4 94 2 1 5 ILF 34.73 1.33 0 0 1 361.011658 31.030435 132 0 0 0 0 2
1 4 95 4 1 4 IFO 21.54 0.46 0 0 1 452.96334 29.424623 24 0 0 0 0 2
1 4 96 5 1 2 CG 14.88 1.36 0 0 1 250.979125 12.858324 9 0 0 0 0 2
1 4 97 1 1 1 CST 50.83 2.74 0 0 1 164.99727 25.123904 407 0 0 0 0 2
1 4 98 3 1 4 IFO 9.60 0.81 0 0 1 309.477848 28.643363 58 0 0 0 0 2
1 4 99 2 1 5 ILF 23.29 0.42 1 1 1 151.730026 33.082050 233 0 0 0 0 2
1 4 100 4 1 3 CC 9.91 1.11 1 1 1 67.240182 22.274493 27 0 0 0 0 2
1 4 101 5 3 5 ILF 4.77 2.10 0 0 1 510.335373 31.030433 10 0 0 0 0 2
1 4 102 1 3 2 CG 3.05 1.18 0 0 1 85.248805 15.378211 13 0 0 0 0 2
1 4 103 3 3 1 CST 9.78 1.74 1 1 1 41.070596 17.130038 41 0 0 0 0 2
1 4 104 2 3 4 IFO 5.75 1.40 0 0 1 61.751689 29.424624 17 0 0 0 0 2
1 4 105 4 3 3 CC 16.47 1.16 0 0 1 103.200653 25.548268 11 0 0 0 0 2
1 4 106 5 3 4 IFO 4.29 0.94 0 0 1 77.992454 28.643362 15 0 0 0 0 2
1 4 107 1 3 3 CC 13.40 1.14 1 1 1 51.769582 22.274492 81 0 0 0 0 2
1 4 108 3 3 1 CST 6.54 1.30 0 0 1 78.502429 25.123905 74 0 0 0 0 2
1 4 109 2 3 2 CG 6.76 1.00 0 0 1 67.890645 12.858325 11 0 0 0 0 2
1 4 110 4 3 5 ILF 2.92 0.89 1 1 1 82.155258 33.082050 14 0 0 0 0 2
1 4 111 5 2 4 IFO 31.68 1.02 0 0 1 166.119183 29.424623 11 0 0 0 0 2
1 4 112 1 2 2 CG 11.02 1.12 0 0 1 180.325517 15.378211 55 0 0 0 0 2
1 4 113 3 2 5 ILF 9.06 1.04 0 0 1 517.047948 31.030435 40 0 0 0 0 2
1 4 114 2 2 3 CC 15.80 1.58 0 0 1 321.885778 25.548268 94 0 0 0 0 2
1 4 115 4 2 1 CST 44.90 1.42 1 1 1 144.70025 17.130037 31 0 0 0 0 2
1 4 116 5 2 2 CG 22.30 0.74 0 0 1 439.324091 12.858325 7 0 0 0 0 2
1 4 117 1 2 4 IFO 43.41 1.19 0 0 1 335.498699 28.643363 108 0 0 0 0 2
1 4 118 3 2 3 CC 9.66 1.09 0 0 1 63.470522 22.274493 45 0 0 0 0 2
1 4 119 2 2 5 ILF 9.49 0.56 0 0 1 293.580449 33.082050 88 0 0 0 0 2
1 4 120 4 2 1 CST 10.44 1.00 0 0 1 276.50924 25.123904 92 0 0 0 0 2
1 5 121 5 1 2 CG 13.01 1.25 1 1 1 7 3 0 0 0 0 0 2
1 5 122 1 1 4 IFO 15.48 1.89 0 1 2 25 12 0 0 0 0 0 2
1 5 123 3 1 3 CC 7.42 1.35 1 2 2 76 38 0 0 0 0 0 2
1 5 124 2 1 1 CST 8.82 1.51 1 2 2 47 24 0 0 0 0 0 2
1 5 125 4 1 5 ILF 14.56 2.36 0 2 1 16 8 0 0 0 0 0 2
1 5 126 5 1 2 CG 6.99 2.78 1 1 1 4 2 0 0 0 0 0 2
1 5 127 1 1 1 CST 6.47 1.86 0 2 1 61 31 0 0 0 0 0 2
1 5 128 3 1 3 CC 8.83 1.93 1 2 2 47 24 0 0 0 0 0 2
1 5 129 2 1 5 ILF 15.22 1.00 1 1 1 31 14 0 0 0 0 0 2
1 5 130 4 1 4 IFO 7.74 2.05 1 2 2 13 5 0 0 0 0 0 2
1 5 131 5 3 2 CG 8.66 3.42 1 1 1 5 2 0 0 0 0 0 2
1 5 132 1 3 4 IFO 2.81 2.81 1 2 2 25 12 0 0 0 0 0 2
1 5 133 3 3 5 ILF 2.59 1.10 1 2 2 25 12 0 0 0 0 0 2
1 5 134 2 3 1 CST 2.74 2.72 1 2 2 52 26 0 0 0 0 0 2
1 5 135 4 3 3 CC 5.71 2.14 1 1 1 10 5 0 0 0 0 0 2
1 5 136 5 3 4 IFO 5.08 0.97 1 1 1 8 3 0 0 0 0 0 2
1 5 137 1 3 1 CST 6.40 2.17 1 1 1 62 31 0 0 0 0 0 2
1 5 138 3 3 5 ILF 3.52 1.20 1 2 2 25 12 0 0 0 0 0 2
1 5 139 2 3 2 CG 4.03 1.66 1 1 1 10 5 0 0 0 0 0 2
1 5 140 4 3 3 CC 2.25 2.14 1 2 2 20 10 0 0 0 0 0 2
1 5 141 5 2 3 CC 4.84 2.25 1 1 1 19 10 0 0 0 0 0 2
1 5 142 1 2 5 ILF 8.11 1.30 1 2 2 39 19 0 0 0 0 0 2
1 5 143 3 2 1 CST 6.32 1.26 1 2 2 33 17 0 0 0 0 0 2
1 5 144 2 2 4 IFO 11.66 1.25 1 2 2 23 10 0 0 0 0 0 2
1 5 145 4 2 2 CG 2.65 2.18 1 1 1 11 5 0 0 0 0 0 2
1 5 146 5 2 5 ILF 5.39 2.16 1 1 1 14 6 0 0 0 0 0 2
1 5 147 1 2 4 IFO 8.39 1.98 1 1 1 22 10 0 0 0 0 0 2
1 5 148 3 2 1 CST 8.28 1.24 0 1 2 38 19 0 0 0 0 0 2
1 5 149 2 2 3 CC 4.77 1.26 1 1 1 70 35 0 0 0 0 0 2
1 5 150 4 2 2 CG 12.03 1.22 1 2 2 6 3 0 0 0 0 0 2
1 6 151 5 1 5 ILF 25.20 2.18 0 1 2 5 3 0 0 0 0 0 2
1 6 152 1 1 3 CC 9.05 1.41 0 1 2 1 2 0 0 0 0 0 2
1 6 153 3 1 4 IFO 5.49 1.80 1 1 1 3 3 0 0 0 0 0 2
1 6 154 2 1 1 CST 5.98 2.11 0 1 2 2 4 0 0 0 0 0 2
1 6 155 4 1 2 CG 12.18 1.83 1 2 2 4 2 0 0 0 0 0 2
1 6 156 5 1 3 CC 11.68 1.25 1 2 2 5 4 0 0 0 0 0 2
1 6 157 1 1 5 ILF 10.26 1.27 1 2 2 1 3 0 0 0 0 0 2
1 6 158 3 1 1 CST 7.02 7.02 1 2 2 3 1 0 0 0 0 0 2
1 6 159 2 1 4 IFO 8.88 2.65 1 2 2 2 1 0 0 0 0 0 2
1 6 160 4 1 2 CG 4.13 4.13 1 2 2 4 2 0 0 0 0 0 2
1 6 161 5 3 5 ILF 3.38 3.13 1 2 2 5 2 0 0 0 0 0 2
1 6 162 1 3 3 CC 12.73 1.56 1 1 1 1 1 0 0 0 0 0 2
1 6 163 3 3 4 IFO 9.22 1.55 0 1 2 3 1 0 0 0 0 0 2
1 6 164 2 3 2 CG 15.44 1.63 0 1 2 2 1 0 0 0 0 0 2
1 6 165 4 3 1 CST 6.91 1.30 1 2 2 4 1 0 0 0 0 0 2
1 6 166 5 3 2 CG 5.71 1.52 1 2 2 5 2 0 0 0 0 0 2
1 6 167 1 3 3 CC 9.13 2.01 0 1 2 1 3 0 0 0 0 0 2
1 6 168 3 3 4 IFO 10.69 1.74 0 1 2 3 2 0 0 0 0 0 2
1 6 169 2 3 1 CST 5.11 1.95 1 2 2 2 4 0 0 0 0 0 2
1 6 170 4 3 5 ILF 7.92 2.46 0 1 2 4 5 0 0 0 0 0 2
1 6 171 5 2 5 ILF 7.15 2.81 1 2 2 5 3 0 0 0 0 0 2
1 6 172 1 2 4 IFO 5.14 1.50 0 1 2 1 2 0 0 0 0 0 2
1 6 173 3 2 3 CC 9.70 2.93 1 2 2 3 5 0 0 0 0 0 2
1 6 174 2 2 2 CG 6.65 2.25 1 2 2 2 3 0 0 0 0 0 2
1 6 175 4 2 1 CST 7.72 4.77 0 1 2 4 5 0 0 0 0 0 2
1 6 176 5 2 2 CG 6.67 4.07 1 2 2 5 3 0 0 0 0 0 2
1 6 177 1 2 5 ILF 4.96 1.91 1 2 2 1 5 0 0 0 0 0 2
1 6 178 3 2 1 CST 11.19 4.71 0 1 2 3 1 0 0 0 0 0 2
1 6 179 2 2 4 IFO 7.37 2.72 1 1 1 2 2 0 0 0 0 0 2
1 6 180 4 2 3 CC 6.90 1.84 1 2 2 4 1 0 0 0 0 0 2
2 1 1 4 1 5 ILF 22.46 4.03 1 2 2 0.135138 0.382347 39 0.247209 69 0.017320 0.005977 2
2 1 2 3 1 3 CC 11.43 1.78 1 3 3 0.064932 0.337284 68 0.402217 101 0.014653 0.025497 2
2 1 3 5 1 2 CG 18.66 1.49 1 3 3 0.017950 0.180891 7 0.198840 16 0.002891 0.005034 2
2 1 4 1 1 1 CST 21.09 1.56 1 3 3 0.023199 0.190485 189 0.213683 441 0.004723 0.004579 2
2 1 5 2 1 4 IFO 20.95 1.21 1 3 3 0.094432 0.205555 88 0.299987 93 0.004197 0.009539 2
2 1 6 4 1 5 ILF 8.60 1.10 1 2 2 0.126348 0.385617 30 0.259270 43 0.016330 0.002925 2
2 1 7 3 1 3 CC 12.78 2.52 1 2 2 0.169901 0.347839 66 0.177938 35 0.009577 0.003677 2
2 1 8 5 1 4 IFO 6.09 1.26 1 3 3 0.074520 0.241066 20 0.315585 34 0.007228 0.009236 2
2 1 9 1 1 2 CG 11.27 1.14 1 2 2 0.056719 0.247650 155 0.190931 105 0.011519 0.004733 2
2 1 10 2 1 1 CST 23.88 1.38 1 2 2 0.101418 0.259539 90 0.158121 16 0.007815 0.003921 2
2 1 11 4 3 1 CST 11.22 1.60 1 3 3 0.021545 0.168402 5 0.189947 17 0.002612 0.002291 2
2 1 12 3 3 5 ILF 3.91 1.02 1 2 2 0.196849 0.489367 21 0.292518 25 0.010861 0.003025 2
2 1 13 5 3 4 IFO 15.00 1.64 1 3 3 0.069352 0.221805 14 0.291157 7 0.003813 0.005861 2
2 1 14 1 3 2 CG 5.00 1.49 0 2 3 0.013941 0.221219 19 0.235160 6 0.005407 0.005024 2
2 1 15 2 3 3 CC 4.55 0.96 1 3 3 0.020564 0.349781 74 0.370345 118 0.012386 0.023785 2
2 1 16 4 3 2 CG 4.02 1.18 1 2 2 0.160786 0.286801 2 0.126015 1 0.004157 0.000450 2
2 1 17 3 3 5 ILF 4.56 0.83 1 2 2 0.206989 0.481930 14 0.274942 25 0.014262 0.000881 2
2 1 18 5 3 1 CST 4.84 1.36 0 3 2 0.054925 0.328146 8 0.273221 11 0.004657 0.024686 2
2 1 19 1 3 4 IFO 6.71 1.33 1 3 3 0.025840 0.247772 25 0.273612 17 0.007033 0.007307 2
2 1 20 2 3 3 CC 7.79 1.29 1 2 2 0.199576 0.382308 67 0.182732 43 0.008263 0.004337 2
2 1 21 4 2 2 CG 19.49 1.18 1 2 2 0.013731 0.226572 33 0.212841 36 0.007926 0.005011 2
2 1 22 3 2 4 IFO 4.84 1.35 1 3 3 0.113814 0.205176 64 0.318990 60 0.004429 0.009749 2
2 1 23 5 2 5 ILF 3.93 0.70 1 2 2 0.124534 0.380473 32 0.255939 41 0.019284 0.006193 2
2 1 24 1 2 1 CST 8.55 1.01 0 2 3 0.041798 0.198220 178 0.240018 42 0.004948 0.004738 2
2 1 25 2 2 3 CC 7.05 1.11 1 3 3 0.075257 0.320379 95 0.395636 148 0.016376 0.025060 2
2 1 26 4 2 4 IFO 6.65 1.31 1 3 3 0.124771 0.210484 46 0.335255 47 0.006750 0.011909 2
2 1 27 3 2 5 ILF 10.94 1.06 1 2 2 0.121723 0.377593 52 0.255870 64 0.019643 0.002371 2
2 1 28 5 2 2 CG 8.42 1.33 1 2 2 0.036410 0.237712 27 0.201303 20 0.007843 0.006923 2
2 1 29 1 2 3 CC 14.31 1.56 1 2 2 0.174710 0.347192 147 0.172482 79 0.008434 0.002858 2
2 1 30 2 2 1 CST 8.87 1.16 1 2 2 0.219809 0.383059 6 0.163250 12 0.002479 0.004767 2
2 2 31 4 1 4 IFO 39.32 1.17 0 3 2 12 0 0 0 0 0 0 2
2 2 32 3 1 1 CST 31.79 2.57 1 3 3 22 0 0 0 0 0 0 2
2 2 33 5 1 2 CG 20.24 1.84 1 2 2 3 0 0 0 0 0 0 2
2 2 34 1 1 3 CC 55.52 1.55 1 3 3 22 0 0 0 0 0 0 2
2 2 35 2 1 5 ILF 13.97 0.84 1 2 2 15 0 0 0 0 0 0 2
2 2 36 4 1 3 CC 19.01 1.12 1 3 3 12 0 0 0 0 0 0 2
2 2 37 3 1 2 CG 8.95 1.07 0 3 2 8 0 0 0 0 0 0 2
2 2 38 5 1 5 ILF 50.26 1.22 0 1 3 9 0 0 0 0 0 0 2
2 2 39 1 1 1 CST 53.68 1.61 0 3 2 62 0 0 0 0 0 0 2
2 2 40 2 1 4 IFO 5.11 0.75 0 3 2 11 0 0 0 0 0 0 2
2 2 41 4 3 5 ILF 10.08 1.26 1 2 2 8 0 0 0 0 0 0 2
2 2 42 3 3 2 CG 10.40 1.63 1 2 2 6 0 0 0 0 0 0 2
2 2 43 5 3 4 IFO 8.33 1.16 1 3 3 7 0 0 0 0 0 0 2
2 2 44 1 3 3 CC 19.76 1.07 0 1 3 22 0 0 0 0 0 0 2
2 2 45 2 3 1 CST 7.15 1.51 1 2 2 44 0 0 0 0 0 0 2
2 2 46 4 3 5 ILF 9.08 0.70 1 2 2 10 0 0 0 0 0 0 2
2 2 47 3 3 3 CC 12.70 1.61 1 1 1 15 0 0 0 0 0 0 2
2 2 48 5 3 2 CG 19.90 1.57 1 2 2 3 0 0 0 0 0 0 2
2 2 49 1 3 1 CST 5.40 1.63 1 2 2 62 0 0 0 0 0 0 2
2 2 50 2 3 4 IFO 6.12 1.66 1 2 2 11 0 0 0 0 0 0 2
2 2 51 4 2 4 IFO 15.49 2.90 1 2 2 12 0 0 0 0 0 0 2
2 2 52 3 2 5 ILF 13.99 1.18 1 3 3 18 0 0 0 0 0 0 2
2 2 53 5 2 1 CST 6.84 1.56 1 2 2 9 0 0 0 0 0 0 2
2 2 54 1 2 2 CG 19.06 2.36 1 1 1 21 0 0 0 0 0 0 2
2 2 55 2 2 3 CC 16.97 0.98 1 2 2 13 0 0 0 0 0 0 2
2 2 56 4 2 2 CG 6.53 1.01 0 3 1 5 0 0 0 0 0 0 2
2 2 57 3 2 5 ILF 37.76 1.34 0 1 3 19 0 0 0 0 0 0 2
2 2 58 5 2 1 CST 7.88 2.24 1 2 2 9 0 0 0 0 0 0 2
2 2 59 1 2 4 IFO 12.22 0.99 0 1 3 12 0 0 0 0 0 0 2
2 2 60 2 2 3 CC 19.73 1.11 0 1 2 21 0 0 0 0 0 0 2
2 3 61 4 1 4 IFO 17.08 4.15 1 4 4 17 0 0 0 0 0 0 2
2 3 62 3 1 5 ILF 13.09 1.85 1 5 5 23 0 0 0 0 0 0 2
2 3 63 5 1 3 CC 9.21 5.62 1 3 3 19 0 0 0 0 0 0 2
2 3 64 1 1 2 CG 5.79 0.72 1 2 2 35 0 0 0 0 0 0 2
2 3 65 2 1 1 CST 4.81 1.03 1 1 1 145 0 0 0 0 0 0 2
2 3 66 4 1 5 ILF 5.95 1.59 0 1 5 18 0 0 0 0 0 0 2
2 3 67 3 1 2 CG 9.83 4.99 1 2 2 21 0 0 0 0 0 0 2
2 3 68 5 1 4 IFO 16.69 4.40 1 4 4 11 0 0 0 0 0 0 2
2 3 69 1 1 1 CST 7.03 0.74 1 1 1 137 0 0 0 0 0 0 2
2 3 70 2 1 3 CC 6.84 6.84 1 3 3 243 0 0 0 0 0 0 2
2 3 71 4 3 3 CC 5.86 2.20 1 3 3 29 0 0 0 0 0 0 2
2 3 72 3 3 5 ILF 6.32 2.52 1 5 5 23 0 0 0 0 0 0 2
2 3 73 5 3 1 CST 6.95 1.21 0 4 1 16 0 0 0 0 0 0 2
2 3 74 1 3 2 CG 7.27 4.96 1 2 2 35 0 0 0 0 0 0 2
2 3 75 2 3 4 IFO 8.61 0.80 1 4 4 27 0 0 0 0 0 0 2
2 3 76 4 3 1 CST 4.00 1.33 1 1 1 22 0 0 0 0 0 0 2
2 3 77 3 3 3 CC 4.33 1.55 1 3 3 186 0 0 0 0 0 0 2
2 3 78 5 3 4 IFO 2.94 0.74 1 4 4 11 0 0 0 0 0 0 2
2 3 79 1 3 2 CG 3.24 1.61 1 2 2 44 0 0 0 0 0 0 2
2 3 80 2 3 5 ILF 4.57 1.44 1 5 5 34 0 0 0 0 0 0 2
2 3 81 4 2 1 CST 3.74 1.98 1 1 1 57 0 0 0 0 0 0 2
2 3 82 3 2 5 ILF 6.64 1.04 0 1 5 23 0 0 0 0 0 0 2
2 3 83 5 2 4 IFO 10.54 1.54 1 4 4 10 0 0 0 0 0 0 2
2 3 84 1 2 3 CC 5.29 1.25 1 3 3 60 0 0 0 0 0 0 2
2 3 85 2 2 2 CG 3.04 0.93 1 2 2 33 0 0 0 0 0 0 2
2 3 86 4 2 3 CC 2.50 1.07 1 3 3 125 0 0 0 0 0 0 2
2 3 87 3 2 4 IFO 11.33 1.62 1 4 4 23 0 0 0 0 0 0 2
2 3 88 5 2 5 ILF 3.19 0.70 1 5 5 12 0 0 0 0 0 0 2
2 3 89 1 2 2 CG 4.25 1.09 1 2 2 44 0 0 0 0 0 0 2
2 3 90 2 2 1 CST 5.24 1.81 1 1 1 97 0 0 0 0 0 0 2
2 4 91 4 1 1 CST 78.75 1.03 1 1 1 21.026665 17.130038 47 0 0 0 0 2
2 4 92 3 1 3 CC 64.20 1.21 0 0 1 475.975316 25.548269 85 0 0 0 0 2
2 4 93 5 1 2 CG 91.57 1.01 0 0 1 319.365078 15.378212 14 0 0 0 0 2
2 4 94 1 1 4 IFO 26.96 1.06 1 1 1 41.380247 29.424623 73 0 0 0 0 2
2 4 95 2 1 5 ILF 15.96 0.63 0 0 1 116.938882 31.030435 132 0 0 0 0 2
2 4 96 4 1 1 CST 7.56 1.07 1 1 1 68.653175 25.123905 101 0 0 0 0 2
2 4 97 3 1 2 CG 113.53 0.74 0 0 1 288.146962 12.858325 25 0 0 0 0 2
2 4 98 5 1 5 ILF 28.69 0.62 1 1 1 73.594312 33.082050 51 0 0 0 0 2
2 4 99 1 1 4 IFO 12.00 0.70 1 1 1 47.930404 28.643363 108 0 0 0 0 2
2 4 100 2 1 3 CC 8.08 0.57 0 0 1 53.517552 22.274492 67 0 0 0 0 2
2 4 101 4 3 5 ILF 3.06 0.74 1 1 1 129.710223 31.030433 12 0 0 0 0 2
2 4 102 3 3 2 CG 15.44 2.88 1 1 1 7.151275 15.378211 6 0 0 0 0 2
2 4 103 5 3 1 CST 5.12 0.33 1 1 1 48.229705 17.130037 16 0 0 0 0 2
2 4 104 1 3 3 CC 12.76 0.94 0 0 1 477.027293 25.548269 25 0 0 0 0 2
2 4 105 2 3 4 IFO 3.46 0.95 1 1 1 43.040186 29.424624 17 0 0 0 0 2
2 4 106 4 3 5 ILF 2.19 0.66 1 1 1 74.826481 33.082050 14 0 0 0 0 2
2 4 107 3 3 2 CG 5.36 0.73 0 0 1 84.16965 12.858325 8 0 0 0 0 2
2 4 108 5 3 1 CST 3.29 0.86 1 1 1 52.64529 25.123905 18 0 0 0 0 2
2 4 109 1 3 3 CC 10.03 0.61 1 1 1 54.257379 22.274492 81 0 0 0 0 2
2 4 110 2 3 4 IFO 2.31 0.75 1 1 1 90.975548 28.643362 38 0 0 0 0 2
2 4 111 4 2 5 ILF 5.37 0.57 0 0 1 459.755091 31.030435 44 0 0 0 0 2
2 4 112 3 2 4 IFO 3.80 0.88 1 1 1 47.489807 29.424623 25 0 0 0 0 2
2 4 113 5 2 3 CC 5.06 0.78 0 0 1 569.938445 25.548268 31 0 0 0 0 2
2 4 114 1 2 1 CST 5.98 0.53 0 0 1 245.272142 17.130037 136 0 0 0 0 2
2 4 115 2 2 2 CG 10.44 0.55 0 0 1 248.518311 15.378211 37 0 0 0 0 2
2 4 116 4 2 5 ILF 6.16 1.30 0 0 1 460.91469 33.082050 31 0 0 0 0 2
2 4 117 3 2 4 IFO 9.30 0.90 0 0 1 175.094681 28.643363 58 0 0 0 0 2
2 4 118 5 2 1 CST 6.25 0.86 0 0 1 235.528921 25.123904 58 0 0 0 0 2
2 4 119 1 2 2 CG 9.40 0.31 0 0 1 214.62907 12.858325 58 0 0 0 0 2
2 4 120 2 2 3 CC 3.27 0.51 0 0 1 209.577902 22.274493 67 0 0 0 0 2
2 5 121 4 1 2 CG 9.71 3.19 1 1 1 11 4 0 0 0 0 0 2
2 5 122 3 1 5 ILF 9.60 0.98 1 1 1 30 15 0 0 0 0 0 2
2 5 123 5 1 4 IFO 6.89 1.93 1 2 2 9 4 0 0 0 0 0 2
2 5 124 1 1 1 CST 6.69 1.60 1 1 1 67 34 0 0 0 0 0 2
2 5 125 2 1 3 CC 6.61 1.04 1 1 1 82 41 0 0 0 0 0 2
2 5 126 4 1 4 IFO 3.58 1.27 0 1 2 13 5 0 0 0 0 0 2
2 5 127 3 1 5 ILF 8.88 1.47 0 1 2 29 14 0 0 0 0 0 2
2 5 128 5 1 2 CG 4.07 1.89 1 2 2 4 2 0 0 0 0 0 2
2 5 129 1 1 3 CC 3.53 0.97 1 1 1 86 43 0 0 0 0 0 2
2 5 130 2 1 1 CST 2.89 1.14 1 1 1 38 19 0 0 0 0 0 2
2 5 131 4 3 1 CST 6.55 1.16 0 2 1 27 14 0 0 0 0 0 2
2 5 132 3 3 3 CC 3.03 1.22 1 1 1 36 18 0 0 0 0 0 2
2 5 133 5 3 5 ILF 2.98 1.60 1 2 2 12 6 0 0 0 0 0 2
2 5 134 1 3 4 IFO 3.43 1.03 1 1 1 25 12 0 0 0 0 0 2
2 5 135 2 3 2 CG 3.55 1.25 1 1 1 14 6 0 0 0 0 0 2
2 5 136 4 3 4 IFO 4.05 1.50 1 2 2 13 6 0 0 0 0 0 2
2 5 137 3 3 2 CG 13.15 1.22 1 2 2 9 5 0 0 0 0 0 2
2 5 138 5 3 5 ILF 3.31 1.03 1 2 2 12 6 0 0 0 0 0 2
2 5 139 1 3 3 CC 5.72 1.06 1 1 1 26 13 0 0 0 0 0 2
2 5 140 2 3 1 CST 4.02 1.41 1 1 1 37 19 0 0 0 0 0 2
2 5 141 4 2 5 ILF 4.09 0.95 1 1 1 16 8 0 0 0 0 0 2
2 5 142 3 2 4 IFO 3.64 0.54 0 2 1 17 7 0 0 0 0 0 2
2 5 143 5 2 2 CG 3.07 1.17 1 2 2 7 3 0 0 0 0 0 2
2 5 144 1 2 1 CST 13.40 10.11 1 1 1 76 38 0 0 0 0 0 2
2 5 145 2 2 3 CC 30.22 1.43 1 1 1 82 41 0 0 0 0 0 2
2 5 146 4 2 4 IFO 7.06 1.07 0 1 2 13 5 0 0 0 0 0 2
2 5 147 3 2 3 CC 4.20 1.66 1 2 2 47 24 0 0 0 0 0 2
2 5 148 5 2 1 CST 6.18 2.90 1 2 2 17 9 0 0 0 0 0 2
2 5 149 1 2 2 CG 2.97 1.27 1 1 1 13 6 0 0 0 0 0 2
2 5 150 2 2 5 ILF 13.54 0.89 1 1 1 31 14 0 0 0 0 0 2
2 6 151 4 1 2 CG 14.46 2.67 1 2 2 4 2 0 0 0 0 0 2
2 6 152 3 1 1 CST 11.33 1.12 1 1 1 3 3 0 0 0 0 0 2
2 6 153 5 1 3 CC 5.69 2.73 1 2 2 5 1 0 0 0 0 0 2
2 6 154 1 1 4 IFO 3.57 3.57 1 2 2 1 5 0 0 0 0 0 2
2 6 155 2 1 5 ILF 4.90 1.25 0 1 2 2 3 0 0 0 0 0 2
2 6 156 4 1 2 CG 4.52 3.24 0 1 2 4 5 0 0 0 0 0 2
2 6 157 3 1 1 CST 2.86 2.86 1 2 2 3 2 0 0 0 0 0 2
2 6 158 5 1 5 ILF 3.09 3.09 1 2 2 5 1 0 0 0 0 0 2
2 6 159 1 1 4 IFO 3.83 1.32 1 2 2 1 3 0 0 0 0 0 2
2 6 160 2 1 3 CC 3.05 3.05 1 2 2 2 5 0 0 0 0 0 2
2 6 161 4 3 1 CST 2.41 1.12 1 2 2 4 1 0 0 0 0 0 2
2 6 162 3 3 4 IFO 4.09 1.24 0 1 2 3 2 0 0 0 0 0 2
2 6 163 5 3 3 CC 3.70 1.50 0 1 2 5 4 0 0 0 0 0 2
2 6 164 1 3 2 CG 2.21 1.38 1 2 2 1 4 0 0 0 0 0 2
2 6 165 2 3 5 ILF 3.56 1.16 1 2 2 2 1 0 0 0 0 0 2
2 6 166 4 3 2 CG 3.01 2.34 1 2 2 4 3 0 0 0 0 0 2
2 6 167 3 3 5 ILF 6.10 3.20 0 1 2 3 2 0 0 0 0 0 2
2 6 168 5 3 1 CST 3.12 1.47 1 1 1 5 5 0 0 0 0 0 2
2 6 169 1 3 3 CC 2.57 2.16 1 2 2 1 3 0 0 0 0 0 2
2 6 170 2 3 4 IFO 2.31 1.31 1 1 1 2 2 0 0 0 0 0 2
2 6 171 4 2 2 CG 3.79 1.49 1 2 2 4 5 0 0 0 0 0 2
2 6 172 3 2 5 ILF 3.22 1.31 0 1 2 3 2 0 0 0 0 0 2
2 6 173 5 2 1 CST 5.09 1.77 0 1 2 5 4 0 0 0 0 0 2
2 6 174 1 2 3 CC 4.17 1.83 1 1 1 1 1 0 0 0 0 0 2
2 6 175 2 2 4 IFO 3.72 3.08 0 1 2 2 1 0 0 0 0 0 2
2 6 176 4 2 2 CG 3.45 3.45 1 2 2 4 1 0 0 0 0 0 2
2 6 177 3 2 1 CST 4.53 1.86 1 2 2 3 5 0 0 0 0 0 2
2 6 178 5 2 4 IFO 3.40 1.70 0 2 1 5 5 0 0 0 0 0 2
2 6 179 1 2 5 ILF 3.94 1.11 0 1 2 1 2 0 0 0 0 0 2
2 6 180 2 2 3 CC 3.59 3.59 1 1 1 2 2 0 0 0 0 0 2
3 1 1 2 1 5 ILF 9.12 2.64 1 2 2 0.129639 0.377472 102 0.247833 164 0.020541 0.007022 2
3 1 2 5 1 1 CST 17.71 4.57 0 2 3 0.051086 0.206575 27 0.257661 75 0.005756 0.005930 2
3 1 3 4 1 2 CG 26.85 2.12 1 2 2 0.013783 0.226457 33 0.212674 36 0.007923 0.005000 2
3 1 4 3 1 4 IFO 10.68 1.91 1 3 3 0.104282 0.205176 64 0.309458 67 0.004429 0.010457 2
3 1 5 1 1 3 CC 28.72 1.24 1 3 3 0.062821 0.323040 125 0.385861 207 0.015039 0.023545 2
3 1 6 2 1 3 CC 24.65 2.21 1 2 2 0.165807 0.345571 97 0.179764 52 0.008742 0.003362 2
3 1 7 5 1 1 CST 21.44 1.54 1 2 2 0.076381 0.295351 25 0.218970 19 0.007229 0.011633 2
3 1 8 4 1 5 ILF 12.25 1.82 1 2 2 0.126348 0.385617 30 0.259270 43 0.016330 0.002925 2
3 1 9 3 1 4 IFO 15.18 1.98 1 3 3 0.105735 0.217708 54 0.323443 79 0.006870 0.012347 2
3 1 10 1 1 2 CG 12.57 1.44 1 2 2 0.056719 0.247650 155 0.190931 105 0.011519 0.004733 2
3 1 11 2 3 2 CG 8.91 1.69 1 2 2 0.019827 0.211470 20 0.191642 11 0.005612 0.002530 2
3 1 12 5 3 3 CC 11.15 1.33 1 3 3 0.059562 0.343223 30 0.402785 42 0.014934 0.021874 2
3 1 13 4 3 5 ILF 13.72 1.69 1 2 2 0.174568 0.468940 10 0.294372 14 0.010528 0.002093 2
3 1 14 3 3 4 IFO 17.05 1.51 1 3 3 0.085497 0.200806 31 0.286302 13 0.002749 0.010621 2
3 1 15 1 3 1 CST 27.13 2.86 1 3 3 0.066095 0.178624 74 0.244718 98 0.003387 0.005087 2
3 1 16 2 3 4 IFO 7.58 1.61 1 3 3 0.032155 0.234408 20 0.266563 15 0.005980 0.007915 2
3 1 17 5 3 1 CST 13.85 0.92 1 2 2 0.054925 0.328146 8 0.273221 11 0.004657 0.024686 2
3 1 18 4 3 2 CG 8.86 1.65 1 2 2 0.160786 0.286801 2 0.126015 1 0.004157 0.000450 2
3 1 19 3 3 5 ILF 6.00 1.73 1 2 2 0.206989 0.481930 14 0.274942 25 0.014262 0.000881 2
3 1 20 1 3 3 CC 22.28 1.41 1 2 2 0.189959 0.377030 84 0.187071 47 0.007876 0.005065 2
3 1 21 2 2 5 ILF 9.84 1.65 1 2 2 0.129267 0.377195 103 0.247928 165 0.020544 0.007029 2
3 1 22 5 2 4 IFO 11.36 1.95 1 3 3 0.140878 0.183878 24 0.324756 29 0.002436 0.006698 2
3 1 23 4 2 3 CC 11.18 2.02 1 3 3 0.114139 0.323851 58 0.437990 74 0.013345 0.024339 2
3 1 24 3 2 2 CG 47.81 1.40 0 2 3 0.013484 0.202115 38 0.215599 55 0.004536 0.007176 2
3 1 25 1 2 1 CST 15.21 1.45 0 2 3 0.041798 0.198220 178 0.240018 42 0.004948 0.004738 2
3 1 26 2 2 4 IFO 11.53 1.00 1 3 3 0.117011 0.213336 99 0.330347 95 0.007340 0.010373 2
3 1 27 5 2 5 ILF 8.91 1.43 1 2 2 0.127394 0.393719 19 0.266324 31 0.016644 0.002645 2
3 1 28 4 2 1 CST 20.54 2.27 1 3 3 0.020157 0.323999 4 0.344157 11 0.003353 0.016233 2
3 1 29 3 2 2 CG 8.54 2.28 1 2 2 0.051473 0.256576 75 0.205104 49 0.013524 0.005836 2
3 1 30 1 2 3 CC 18.54 2.06 1 2 2 0.174710 0.347192 147 0.172482 79 0.008434 0.002858 2
3 2 31 2 1 4 IFO 55.13 1.35 0 1 2 17 0 0 0 0 0 0 2
3 2 32 5 1 5 ILF 23.78 1.34 0 2 3 7 0 0 0 0 0 0 2
3 2 33 4 1 3 CC 26.50 2.38 0 1 3 8 0 0 0 0 0 0 2
3 2 34 3 1 1 CST 38.26 0.87 1 3 3 22 0 0 0 0 0 0 2
3 2 35 1 1 2 CG 23.69 1.86 1 1 1 21 0 0 0 0 0 0 2
3 2 36 2 1 2 CG 6.88 1.50 1 2 2 8 0 0 0 0 0 0 2
3 2 37 5 1 3 CC 19.62 1.56 1 1 1 10 0 0 0 0 0 0 2
3 2 38 4 1 5 ILF 38.42 1.04 1 2 2 10 0 0 0 0 0 0 2
3 2 39 3 1 4 IFO 38.15 1.36 1 3 3 6 0 0 0 0 0 0 2
3 2 40 1 1 1 CST 30.46 2.04 1 2 2 62 0 0 0 0 0 0 2
3 2 41 2 3 5 ILF 15.94 7.13 1 2 2 15 0 0 0 0 0 0 2
3 2 42 5 3 1 CST 22.49 1.62 1 2 2 9 0 0 0 0 0 0 2
3 2 43 4 3 2 CG 8.52 1.94 1 1 1 4 0 0 0 0 0 0 2
3 2 44 3 3 4 IFO 30.34 1.50 1 3 3 13 0 0 0 0 0 0 2
3 2 45 1 3 3 CC 28.96 1.26 0 1 3 22 0 0 0 0 0 0 2
3 2 46 2 3 5 ILF 10.80 0.74 1 2 2 18 0 0 0 0 0 0 2
3 2 47 5 3 4 IFO 21.98 1.10 1 3 3 4 0 0 0 0 0 0 2
3 2 48 4 3 3 CC 16.84 1.38 1 3 3 12 0 0 0 0 0 0 2
3 2 49 3 3 2 CG 5.94 2.26 1 2 2 5 0 0 0 0 0 0 2
3 2 50 1 3 1 CST 19.63 1.23 1 2 2 62 0 0 0 0 0 0 2
3 2 51 2 2 2 CG 18.18 1.07 1 2 2 13 0 0 0 0 0 0 2
3 2 52 5 2 1 CST 14.35 1.63 1 2 2 9 0 0 0 0 0 0 2
3 2 53 4 2 5 ILF 54.92 1.78 1 2 2 9 0 0 0 0 0 0 2
3 2 54 3 2 3 CC 63.12 1.30 1 1 1 11 0 0 0 0 0 0 2
3 2 55 1 2 4 IFO 79.22 2.53 1 3 3 24 0 0 0 0 0 0 2
3 2 56 2 2 1 CST 22.65 2.64 1 2 2 40 0 0 0 0 0 0 2
3 2 57 5 2 3 CC 25.02 1.52 0 2 1 10 0 0 0 0 0 0 2
3 2 58 4 2 2 CG 6.01 1.79 1 1 1 5 0 0 0 0 0 0 2
3 2 59 3 2 4 IFO 21.55 2.51 1 3 3 6 0 0 0 0 0 0 2
3 2 60 1 2 5 ILF 77.57 2.05 1 2 2 24 0 0 0 0 0 0 2
3 3 61 2 1 2 CG 8.17 3.30 1 2 2 33 0 0 0 0 0 0 2
3 3 62 5 1 3 CC 4.86 3.21 1 3 3 19 0 0 0 0 0 0 2
3 3 63 4 1 1 CST 12.80 1.14 1 1 1 57 0 0 0 0 0 0 2
3 3 64 3 1 4 IFO 17.25 10.34 1 4 4 19 0 0 0 0 0 0 2
3 3 65 1 1 5 ILF 23.53 3.18 1 5 5 31 0 0 0 0 0 0 2
3 3 66 2 1 4 IFO 8.87 0.95 1 4 4 29 0 0 0 0 0 0 2
3 3 67 5 1 3 CC 7.99 5.35 1 3 3 73 0 0 0 0 0 0 2
3 3 68 4 1 5 ILF 18.31 1.44 1 5 5 18 0 0 0 0 0 0 2
3 3 69 3 1 1 CST 11.26 2.25 1 1 1 55 0 0 0 0 0 0 2
3 3 70 1 1 2 CG 4.47 1.92 1 2 2 44 0 0 0 0 0 0 2
3 3 71 2 3 2 CG 4.08 1.27 1 2 2 33 0 0 0 0 0 0 2
3 3 72 5 3 5 ILF 9.36 1.58 1 5 5 11 0 0 0 0 0 0 2
3 3 73 4 3 1 CST 11.34 1.67 1 1 1 57 0 0 0 0 0 0 2
3 3 74 3 3 4 IFO 11.39 0.83 1 4 4 23 0 0 0 0 0 0 2
3 3 75 1 3 3 CC 8.91 1.12 1 3 3 60 0 0 0 0 0 0 2
3 3 76 2 3 2 CG 2.15 1.09 1 2 2 33 0 0 0 0 0 0 2
3 3 77 5 3 1 CST 11.95 1.29 1 1 1 10 0 0 0 0 0 0 2
3 3 78 4 3 3 CC 6.16 1.74 1 3 3 124 0 0 0 0 0 0 2
3 3 79 3 3 4 IFO 7.37 1.26 1 4 4 23 0 0 0 0 0 0 2
3 3 80 1 3 5 ILF 6.20 1.17 1 5 5 38 0 0 0 0 0 0 2
3 3 81 2 2 2 CG 5.27 2.59 1 2 2 33 0 0 0 0 0 0 2
3 3 82 5 2 1 CST 7.46 1.66 1 1 1 26 0 0 0 0 0 0 2
3 3 83 4 2 5 ILF 25.40 1.34 1 5 5 14 0 0 0 0 0 0 2
3 3 84 3 2 4 IFO 17.03 1.19 1 4 4 19 0 0 0 0 0 0 2
3 3 85 1 2 3 CC 8.57 1.29 1 3 3 60 0 0 0 0 0 0 2
3 3 86 2 2 1 CST 6.58 1.09 1 1 1 97 0 0 0 0 0 0 2
3 3 87 5 2 4 IFO 17.90 1.42 1 4 4 11 0 0 0 0 0 0 2
3 3 88 4 2 3 CC 4.43 1.22 1 3 3 125 0 0 0 0 0 0 2
3 3 89 3 2 2 CG 4.26 1.54 1 2 2 21 0 0 0 0 0 0 2
3 3 90 1 2 5 ILF 15.75 2.13 1 5 5 38 0 0 0 0 0 0 2
3 4 91 2 1 5 ILF 56.85 1.61 1 1 1 64.70595 31.030435 132 0 0 0 0 2
3 4 92 5 1 4 IFO 40.63 1.30 1 1 1 44.203304 29.424623 11 0 0 0 0 2
3 4 93 4 1 2 CG 83.34 0.66 0 0 1 231.972474 15.378211 29 0 0 0 0 2
3 4 94 3 1 3 CC 19.84 0.69 1 1 1 17.405172 25.548269 85 0 0 0 0 2
3 4 95 1 1 1 CST 52.64 1.42 0 0 1 351.242879 17.130037 146 0 0 0 0 2
3 4 96 2 1 4 IFO 16.42 1.26 1 1 1 50.447952 28.643363 74 0 0 0 0 2
3 4 97 5 1 1 CST 48.36 1.05 1 1 1 61.525308 25.123905 53 0 0 0 0 2
3 4 98 4 1 3 CC 6.71 1.02 0 0 1 85.676885 22.274493 27 0 0 0 0 2
3 4 99 3 1 2 CG 15.31 1.05 1 1 1 48.414778 12.858325 25 0 0 0 0 2
3 4 100 1 1 5 ILF 33.08 1.27 0 0 1 315.902084 33.082050 315 0 0 0 0 2
3 4 101 2 3 2 CG 6.87 0.72 0 0 1 61.890687 15.378211 7 0 0 0 0 2
3 4 102 5 3 1 CST 6.06 1.16 1 1 1 37.601309 17.130037 16 0 0 0 0 2
3 4 103 4 3 4 IFO 5.02 1.41 1 1 1 51.794778 29.424624 13 0 0 0 0 2
3 4 104 3 3 5 ILF 3.90 1.23 0 0 1 224.425374 31.030435 23 0 0 0 0 2
3 4 105 1 3 3 CC 53.23 0.91 0 0 1 492.928162 25.548269 25 0 0 0 0 2
3 4 106 2 3 3 CC 9.27 1.03 1 1 1 70.167299 22.274494 61 0 0 0 0 2
3 4 107 5 3 2 CG 3.58 1.79 0 0 1 93.589539 14.605761 3 0 0 0 0 2
3 4 108 4 3 1 CST 3.83 0.81 1 1 1 86.895525 25.123905 45 0 0 0 0 2
3 4 109 3 3 5 ILF 2.24 0.46 1 1 1 132.548359 33.082047 25 0 0 0 0 2
3 4 110 1 3 4 IFO 4.36 1.08 1 1 1 94.831483 28.643363 49 0 0 0 0 2
3 4 111 2 2 1 CST 82.08 0.57 0 0 1 317.76864 17.130037 91 0 0 0 0 2
3 4 112 5 2 2 CG 85.68 1.12 1 1 1 55.402093 15.378211 8 0 0 0 0 2
3 4 113 4 2 4 IFO 25.36 0.69 1 1 1 75.015327 29.424623 24 0 0 0 0 2
3 4 114 3 2 5 ILF 125.78 1.32 1 1 1 152.611963 31.030435 40 0 0 0 0 2
3 4 115 1 2 3 CC 10.81 1.18 1 1 1 23.523836 25.548268 140 0 0 0 0 2
3 4 116 2 2 3 CC 11.52 1.03 0 0 1 72.480768 22.274493 67 0 0 0 0 2
3 4 117 5 2 2 CG 110.60 0.83 0 0 1 535.002076 12.858325 7 0 0 0 0 2
3 4 118 4 2 4 IFO 12.08 0.94 1 1 1 65.887956 28.643363 37 0 0 0 0 2
3 4 119 3 2 5 ILF 14.82 0.70 1 1 1 62.041903 33.082050 52 0 0 0 0 2
3 4 120 1 2 1 CST 56.36 1.08 1 1 1 20.788021 25.123904 408 0 0 0 0 2
3 5 121 2 1 5 ILF 12.06 1.59 1 2 2 30 14 0 0 0 0 0 2
3 5 122 5 1 4 IFO 9.29 0.89 1 2 2 9 4 0 0 0 0 0 2
3 5 123 4 1 2 CG 2.47 1.02 1 2 2 11 4 0 0 0 0 0 2
3 5 124 3 1 1 CST 5.55 1.44 1 2 2 26 13 0 0 0 0 0 2
3 5 125 1 1 3 CC 33.03 1.95 1 1 1 137 69 0 0 0 0 0 2
3 5 126 2 1 4 IFO 12.87 0.98 1 1 1 18 8 0 0 0 0 0 2
3 5 127 5 1 2 CG 10.24 0.88 1 1 1 4 2 0 0 0 0 0 2
3 5 128 4 1 5 ILF 5.48 0.77 1 2 2 18 9 0 0 0 0 0 2
3 5 129 3 1 1 CST 8.21 1.60 1 2 2 38 19 0 0 0 0 0 2
3 5 130 1 1 3 CC 11.72 1.98 1 1 1 86 43 0 0 0 0 0 2
3 5 131 2 3 1 CST 4.63 1.77 1 2 2 52 26 0 0 0 0 0 2
3 5 132 5 3 4 IFO 4.73 0.90 1 2 2 9 4 0 0 0 0 0 2
3 5 133 4 3 3 CC 5.32 1.49 1 2 2 10 5 0 0 0 0 0 2
3 5 134 3 3 5 ILF 4.89 3.53 1 2 2 25 12 0 0 0 0 0 2
3 5 135 1 3 2 CG 5.47 1.12 1 1 1 26 13 0 0 0 0 0 2
3 5 136 2 3 4 IFO 15.19 0.86 1 1 1 18 9 0 0 0 0 0 2
3 5 137 5 3 5 ILF 9.77 1.94 1 1 1 12 6 0 0 0 0 0 2
3 5 138 4 3 1 CST 4.49 1.70 1 2 2 17 9 0 0 0 0 0 2
3 5 139 3 3 3 CC 4.10 0.74 1 2 2 23 12 0 0 0 0 0 2
3 5 140 1 3 2 CG 6.66 0.93 1 1 1 13 6 0 0 0 0 0 2
3 5 141 2 2 3 CC 6.68 3.66 1 2 2 82 41 0 0 0 0 0 2
3 5 142 5 2 2 CG 2.96 1.60 1 2 2 7 3 0 0 0 0 0 2
3 5 143 4 2 5 ILF 3.94 1.98 1 2 2 16 8 0 0 0 0 0 2
3 5 144 3 2 4 IFO 11.00 2.01 1 2 2 17 7 0 0 0 0 0 2
3 5 145 1 2 1 CST 10.96 1.13 1 1 1 76 38 0 0 0 0 0 2
3 5 146 2 2 4 IFO 16.47 1.44 1 1 1 18 8 0 0 0 0 0 2
3 5 147 5 2 3 CC 4.76 2.32 1 1 1 29 15 0 0 0 0 0 2
3 5 148 4 2 2 CG 2.87 0.69 1 2 2 6 3 0 0 0 0 0 2
3 5 149 3 2 5 ILF 4.56 0.84 1 2 2 29 14 0 0 0 0 0 2
3 5 150 1 2 1 CST 8.89 1.94 1 1 1 61 31 0 0 0 0 0 2
3 6 151 2 1 2 CG 24.35 1.92 1 2 2 2 5 0 0 0 0 0 2
3 6 152 5 1 1 CST 14.67 1.43 1 2 2 5 3 0 0 0 0 0 2
3 6 153 4 1 4 IFO 6.54 2.18 1 2 2 4 2 0 0 0 0 0 2
3 6 154 3 1 3 CC 26.06 1.44 0 1 2 3 1 0 0 0 0 0 2
3 6 155 1 1 5 ILF 18.83 2.23 0 1 2 1 3 0 0 0 0 0 2
3 6 156 2 1 5 ILF 9.41 1.78 0 1 2 2 1 0 0 0 0 0 2
3 6 157 5 1 4 IFO 11.54 1.62 1 2 2 5 2 0 0 0 0 0 2
3 6 158 4 1 2 CG 11.04 2.51 1 1 1 4 4 0 0 0 0 0 2
3 6 159 3 1 3 CC 8.88 0.93 1 1 1 3 3 0 0 0 0 0 2
3 6 160 1 1 1 CST 35.55 2.37 0 1 2 1 2 0 0 0 0 0 2
3 6 161 2 3 4 IFO 7.78 1.60 1 2 2 2 5 0 0 0 0 0 2
3 6 162 5 3 1 CST 7.73 1.79 1 2 2 5 4 0 0 0 0 0 2
3 6 163 4 3 5 ILF 5.37 2.05 1 2 2 4 1 0 0 0 0 0 2
3 6 164 3 3 2 CG 6.97 1.24 1 1 1 3 3 0 0 0 0 0 2
3 6 165 1 3 3 CC 8.36 1.83 1 2 2 1 5 0 0 0 0 0 2
3 6 166 2 3 3 CC 8.05 2.75 0 1 2 2 1 0 0 0 0 0 2
3 6 167 5 3 1 CST 7.90 1.76 1 2 2 5 4 0 0 0 0 0 2
3 6 168 4 3 4 IFO 20.19 2.91 0 1 2 4 5 0 0 0 0 0 2
3 6 169 3 3 2 CG 5.01 2.49 1 1 1 3 3 0 0 0 0 0 2
3 6 170 1 3 5 ILF 7.79 2.30 1 2 2 1 5 0 0 0 0 0 2
3 6 171 2 2 2 CG 8.02 2.01 1 1 1 2 2 0 0 0 0 0 2
3 6 172 5 2 5 ILF 5.41 2.44 1 1 1 5 5 0 0 0 0 0 2
3 6 173 4 2 3 CC 9.42 3.46 0 1 2 4 3 0 0 0 0 0 2
3 6 174 3 2 4 IFO 10.37 5.43 0 1 2 3 2 0 0 0 0 0 2
3 6 175 1 2 1 CST 12.86 1.86 0 1 2 1 2 0 0 0 0 0 2
3 6 176 2 2 2 CG 15.62 1.92 0 1 2 2 3 0 0 0 0 0 2
3 6 177 5 2 5 ILF 8.36 1.61 1 2 2 5 1 0 0 0 0 0 2
3 6 178 4 2 3 CC 6.37 2.09 1 2 2 4 1 0 0 0 0 0 2
3 6 179 3 2 4 IFO 21.94 4.37 1 2 2 3 5 0 0 0 0 0 2
3 6 180 1 2 1 CST 26.41 1.54 0 1 2 1 3 0 0 0 0 0 2
4 1 1 1 1 2 CG 25.20 4.85 1 1 1 0.000173 0.200168 52 0.199995 93 0.005188 0.005497 2
4 1 2 4 1 5 ILF 13.26 2.74 1 2 2 0.135138 0.382347 39 0.247209 69 0.017320 0.005977 2
4 1 3 2 1 4 IFO 8.00 1.86 1 3 3 0.094432 0.205555 88 0.299987 93 0.004197 0.009539 2
4 1 4 5 1 1 CST 22.65 1.43 1 3 3 0.051086 0.206575 27 0.257661 75 0.005756 0.005930 2
4 1 5 3 1 3 CC 14.70 1.35 1 3 3 0.064932 0.337284 68 0.402217 101 0.014653 0.025497 2
4 1 6 1 1 3 CC 16.24 1.40 1 2 2 0.174784 0.347311 147 0.172527 79 0.008457 0.002858 2
4 1 7 4 1 4 IFO 9.85 1.46 1 3 3 0.117386 0.210381 46 0.327768 51 0.006749 0.012860 2
4 1 8 2 1 2 CG 9.08 1.32 1 2 2 0.079956 0.257620 114 0.177664 52 0.011139 0.002687 2
4 1 9 5 1 5 ILF 10.60 1.36 1 2 2 0.128247 0.394370 19 0.266123 31 0.016714 0.002636 2
4 1 10 3 1 1 CST 17.06 1.32 0 3 2 0.062302 0.258226 55 0.195924 15 0.009736 0.006668 2
4 1 11 1 3 3 CC 10.77 1.23 1 1 1 0.003395 0.355492 97 0.358887 151 0.011472 0.022578 2
4 1 12 4 3 1 CST 15.54 0.82 1 3 3 0.021545 0.168402 5 0.189947 17 0.002612 0.002291 2
4 1 13 2 3 2 CG 5.66 1.29 1 2 2 0.019827 0.211470 20 0.191642 11 0.005612 0.002530 2
4 1 14 5 3 4 IFO 10.44 2.36 0 1 3 0.069352 0.221805 14 0.291157 7 0.003813 0.005861 2
4 1 15 3 3 5 ILF 4.83 1.08 1 2 2 0.196849 0.489367 21 0.292518 25 0.010861 0.003025 2
4 1 16 1 3 4 IFO 22.49 1.60 0 1 3 0.025840 0.247772 25 0.273612 17 0.007033 0.007307 2
4 1 17 4 3 5 ILF 6.67 0.80 1 2 2 0.178417 0.469212 8 0.290795 14 0.009993 0.000728 2
4 1 18 2 3 1 CST 12.15 1.19 1 2 2 0.192640 0.358264 18 0.165624 10 0.002191 0.003824 2
4 1 19 5 3 2 CG 6.90 0.92 1 2 2 0.115463 0.264165 4 0.148703 2 0.007459 0.000387 2
4 1 20 3 3 3 CC 11.15 0.97 1 2 2 0.202508 0.376490 49 0.173982 33 0.008472 0.004143 2
4 1 21 1 2 2 CG 13.25 1.24 0 2 1 0.000922 0.200403 53 0.199481 97 0.005201 0.005494 2
4 1 22 4 2 4 IFO 8.35 1.13 1 3 3 0.110085 0.212555 38 0.322640 42 0.005395 0.009325 2
4 1 23 2 2 1 CST 9.04 1.42 1 3 3 0.058659 0.196300 83 0.254960 25 0.004994 0.004286 2
4 1 24 5 2 3 CC 5.87 1.49 1 3 3 0.103526 0.332004 31 0.435530 47 0.016918 0.022996 2
4 1 25 3 2 5 ILF 5.73 1.38 1 2 2 0.144626 0.398147 69 0.253521 110 0.018295 0.007095 2
4 1 26 1 2 1 CST 5.77 1.14 0 3 2 0.131271 0.345843 18 0.214572 31 0.004190 0.014201 2
4 1 27 4 2 4 IFO 7.84 1.58 1 3 3 0.124771 0.210484 46 0.335255 47 0.006750 0.011909 2
4 1 28 2 2 2 CG 6.49 1.77 1 2 2 0.075850 0.255905 121 0.180055 62 0.011054 0.003131 2
4 1 29 5 2 3 CC 14.70 1.34 1 2 2 0.152064 0.339299 31 0.187234 16 0.009981 0.003961 2
4 1 30 3 2 5 ILF 8.92 1.65 1 2 2 0.121723 0.377593 52 0.255870 64 0.019643 0.002371 2
4 2 31 1 1 3 CC 34.38 1.70 1 3 3 22 0 0 0 0 0 0 2
4 2 32 4 1 5 ILF 26.84 1.08 1 2 2 9 0 0 0 0 0 0 2
4 2 33 2 1 4 IFO 11.37 1.08 1 2 2 17 0 0 0 0 0 0 2
4 2 34 5 1 1 CST 13.88 2.49 1 2 2 9 0 0 0 0 0 0 2
4 2 35 3 1 2 CG 6.88 1.50 1 2 2 8 0 0 0 0 0 0 2
4 2 36 1 1 1 CST 30.01 1.53 0 1 2 62 0 0 0 0 0 0 2
4 2 37 4 1 5 ILF 61.85 1.19 1 2 2 10 0 0 0 0 0 0 2
4 2 38 2 1 2 CG 8.00 1.75 1 2 2 8 0 0 0 0 0 0 2
4 2 39 5 1 4 IFO 24.26 1.24 0 2 3 4 0 0 0 0 0 0 2
4 2 40 3 1 3 CC 10.23 1.08 1 1 1 15 0 0 0 0 0 0 2
4 2 41 1 3 4 IFO 8.56 1.38 1 3 3 24 0 0 0 0 0 0 2
4 2 42 4 3 3 CC 17.85 0.98 1 3 3 8 0 0 0 0 0 0 2
4 2 43 2 3 5 ILF 15.20 2.30 1 2 2 15 0 0 0 0 0 0 2
4 2 44 5 3 2 CG 6.42 2.05 1 2 2 2 0 0 0 0 0 0 2
4 2 45 3 3 1 CST 6.99 1.60 1 3 3 22 0 0 0 0 0 0 2
4 2 46 1 3 3 CC 16.16 2.04 1 3 3 30 0 0 0 0 0 0 2
4 2 47 4 3 4 IFO 9.47 1.70 0 3 2 5 0 0 0 0 0 0 2
4 2 48 2 3 1 CST 7.14 1.30 1 2 2 40 0 0 0 0 0 0 2
4 2 49 5 3 2 CG 7.56 1.08 1 2 2 3 0 0 0 0 0 0 2
4 2 50 3 3 5 ILF 16.22 2.00 1 3 3 19 0 0 0 0 0 0 2
4 2 51 1 2 4 IFO 25.19 1.94 0 1 3 24 0 0 0 0 0 0 2
4 2 52 4 2 3 CC 11.61 1.39 0 2 3 8 0 0 0 0 0 0 2
4 2 53 2 2 1 CST 22.85 1.40 0 1 2 44 0 0 0 0 0 0 2
4 2 54 5 2 5 ILF 12.79 1.79 1 3 3 7 0 0 0 0 0 0 2
4 2 55 3 2 2 CG 9.49 1.84 1 2 2 8 0 0 0 0 0 0 2
4 2 56 1 2 4 IFO 35.24 1.13 0 2 3 12 0 0 0 0 0 0 2
4 2 57 4 2 1 CST 10.89 2.26 1 3 3 14 0 0 0 0 0 0 2
4 2 58 2 2 3 CC 9.08 1.25 1 2 2 21 0 0 0 0 0 0 2
4 2 59 5 2 5 ILF 27.89 1.47 1 3 3 9 0 0 0 0 0 0 2
4 2 60 3 2 2 CG 12.36 5.63 1 2 2 8 0 0 0 0 0 0 2
4 3 61 1 1 1 CST 21.04 2.71 1 1 1 236 0 0 0 0 0 0 2
4 3 62 4 1 2 CG 6.93 1.30 1 2 2 7 0 0 0 0 0 0 2
4 3 63 2 1 4 IFO 19.96 1.92 1 4 4 20 0 0 0 0 0 0 2
4 3 64 5 1 5 ILF 6.39 1.22 1 5 5 11 0 0 0 0 0 0 2
4 3 65 3 1 3 CC 3.74 1.62 1 3 3 29 0 0 0 0 0 0 2
4 3 66 1 1 4 IFO 25.70 1.11 1 4 4 34 0 0 0 0 0 0 2
4 3 67 4 1 5 ILF 7.54 1.50 1 5 5 18 0 0 0 0 0 0 2
4 3 68 2 1 2 CG 5.10 1.13 1 2 2 33 0 0 0 0 0 0 2
4 3 69 5 1 1 CST 7.65 1.02 1 1 1 21 0 0 0 0 0 0 2
4 3 70 3 1 3 CC 2.92 1.71 1 3 3 188 0 0 0 0 0 0 2
4 3 71 1 3 4 IFO 4.65 2.50 1 4 4 33 0 0 0 0 0 0 2
4 3 72 4 3 1 CST 3.81 1.18 1 1 1 57 0 0 0 0 0 0 2
4 3 73 2 3 2 CG 3.20 3.19 1 2 2 33 0 0 0 0 0 0 2
4 3 74 5 3 5 ILF 3.08 1.16 1 5 5 11 0 0 0 0 0 0 2
4 3 75 3 3 3 CC 3.01 1.93 1 3 3 29 0 0 0 0 0 0 2
4 3 76 1 3 5 ILF 2.64 1.03 1 5 5 38 0 0 0 0 0 0 2
4 3 77 4 3 3 CC 2.24 1.14 1 3 3 124 0 0 0 0 0 0 2
4 3 78 2 3 1 CST 3.14 1.05 1 1 1 88 0 0 0 0 0 0 2
4 3 79 5 3 2 CG 2.65 1.49 1 2 2 6 0 0 0 0 0 0 2
4 3 80 3 3 4 IFO 2.73 1.62 1 4 4 23 0 0 0 0 0 0 2
4 3 81 1 2 1 CST 4.58 1.95 1 1 1 236 0 0 0 0 0 0 2
4 3 82 4 2 3 CC 2.61 1.66 1 3 3 29 0 0 0 0 0 0 2
4 3 83 2 2 4 IFO 13.38 2.04 1 4 4 20 0 0 0 0 0 0 2
4 3 84 5 2 2 CG 2.18 1.14 1 2 2 5 0 0 0 0 0 0 2
4 3 85 3 2 5 ILF 3.32 1.03 1 5 5 23 0 0 0 0 0 0 2
4 3 86 1 2 4 IFO 6.13 1.72 1 4 4 34 0 0 0 0 0 0 2
4 3 87 4 2 5 ILF 2.76 1.21 1 5 5 18 0 0 0 0 0 0 2
4 3 88 2 2 3 CC 2.87 1.62 1 3 3 243 0 0 0 0 0 0 2
4 3 89 5 2 1 CST 3.77 1.67 1 1 1 21 0 0 0 0 0 0 2
4 3 90 3 2 2 CG 2.22 1.32 1 2 2 21 0 0 0 0 0 0 2
4 4 91 1 1 3 CC 70.89 1.27 0 0 1 575.417592 25.548270 179 0 0 0 0 2
4 4 92 4 1 4 IFO 28.49 1.38 1 1 1 28.063507 29.424623 24 0 0 0 0 2
4 4 93 2 1 1 CST 33.15 1.36 0 0 1 332.905516 17.130038 86 0 0 0 0 2
4 4 94 5 1 2 CG 10.10 1.36 0 0 1 90.290366 15.378212 14 0 0 0 0 2
4 4 95 3 1 5 ILF 5.13 1.38 0 0 1 751.851825 31.030435 73 0 0 0 0 2
4 4 96 1 1 4 IFO 31.97 1.19 1 1 1 79.296092 28.643363 108 0 0 0 0 2
4 4 97 4 1 1 CST 11.01 1.23 0 0 1 93.040062 25.123905 101 0 0 0 0 2
4 4 98 2 1 2 CG 62.29 4.46 0 0 1 159.682778 12.858325 33 0 0 0 0 2
4 4 99 5 1 5 ILF 13.52 1.21 1 1 1 107.681061 33.082050 51 0 0 0 0 2
4 4 100 3 1 3 CC 79.69 1.46 0 0 1 555.043324 22.274494 45 0 0 0 0 2
4 4 101 1 3 2 CG 4.03 1.38 0 0 1 67.015784 15.378211 13 0 0 0 0 2
4 4 102 4 3 1 CST 7.97 0.62 1 1 1 81.674841 17.130038 26 0 0 0 0 2
4 4 103 2 3 4 IFO 3.57 0.99 1 1 1 53.846049 29.424624 17 0 0 0 0 2
4 4 104 5 3 5 ILF 3.67 0.95 1 1 1 161.182204 31.030433 10 0 0 0 0 2
4 4 105 3 3 3 CC 5.24 1.42 0 0 1 480.171022 25.548269 17 0 0 0 0 2
4 4 106 1 3 2 CG 3.92 1.09 0 0 1 79.722629 12.858323 24 0 0 0 0 2
4 4 107 4 3 5 ILF 2.93 1.15 1 1 1 127.218158 33.082050 14 0 0 0 0 2
4 4 108 2 3 3 CC 11.85 1.17 0 0 1 288.863429 22.274494 61 0 0 0 0 2
4 4 109 5 3 1 CST 4.28 0.95 0 0 1 83.08435 25.123905 18 0 0 0 0 2
4 4 110 3 3 4 IFO 3.27 0.92 1 1 1 94.029849 28.643362 31 0 0 0 0 2
4 4 111 1 2 5 ILF 5.19 1.25 0 0 1 766.694706 31.030435 71 0 0 0 0 2
4 4 112 4 2 4 IFO 25.60 1.12 1 1 1 64.301023 29.424623 24 0 0 0 0 2
4 4 113 2 2 3 CC 30.93 1.08 0 0 1 652.297042 25.548268 94 0 0 0 0 2
4 4 114 5 2 2 CG 79.96 0.60 0 0 1 94.443108 15.378211 8 0 0 0 0 2
4 4 115 3 2 1 CST 10.40 1.13 0 0 1 72.455759 17.130037 40 0 0 0 0 2
4 4 116 1 2 5 ILF 6.49 1.32 0 0 1 626.048827 33.082050 96 0 0 0 0 2
4 4 117 4 2 1 CST 15.68 1.34 1 1 1 88.587494 25.123904 92 0 0 0 0 2
4 4 118 2 2 4 IFO 44.31 1.18 1 1 1 82.378481 28.643363 74 0 0 0 0 2
4 4 119 5 2 2 CG 34.19 1.44 0 0 1 337.82505 12.858325 7 0 0 0 0 2
4 4 120 3 2 3 CC 22.82 0.72 0 0 1 406.659185 22.274493 45 0 0 0 0 2
4 5 121 1 1 3 CC 24.27 1.46 1 1 1 137 69 0 0 0 0 0 2
4 5 122 4 1 2 CG 6.51 1.86 1 1 1 11 4 0 0 0 0 0 2
4 5 123 2 1 5 ILF 19.15 1.16 0 2 1 30 14 0 0 0 0 0 2
4 5 124 5 1 4 IFO 4.39 1.66 1 1 1 9 4 0 0 0 0 0 2
4 5 125 3 1 1 CST 7.36 1.16 1 2 2 26 13 0 0 0 0 0 2
4 5 126 1 1 3 CC 6.52 1.82 1 1 1 86 43 0 0 0 0 0 2
4 5 127 4 1 4 IFO 4.48 1.04 1 2 2 13 5 0 0 0 0 0 2
4 5 128 2 1 2 CG 6.45 1.70 1 1 1 10 5 0 0 0 0 0 2
4 5 129 5 1 5 ILF 4.15 1.08 1 2 2 14 6 0 0 0 0 0 2
4 5 130 3 1 1 CST 7.67 1.35 1 1 1 38 19 0 0 0 0 0 2
4 5 131 1 3 4 IFO 3.98 1.38 1 1 1 25 12 0 0 0 0 0 2
4 5 132 4 3 1 CST 20.57 1.94 1 1 1 27 14 0 0 0 0 0 2
4 5 133 2 3 3 CC 7.90 1.40 1 1 1 32 16 0 0 0 0 0 2
4 5 134 5 3 5 ILF 3.77 1.43 1 1 1 12 6 0 0 0 0 0 2
4 5 135 3 3 2 CG 2.61 1.18 1 2 2 13 6 0 0 0 0 0 2
4 5 136 1 3 5 ILF 3.97 1.36 1 1 1 32 15 0 0 0 0 0 2
4 5 137 4 3 4 IFO 3.22 1.46 1 2 2 13 6 0 0 0 0 0 2
4 5 138 2 3 2 CG 5.85 1.14 1 1 1 10 5 0 0 0 0 0 2
4 5 139 5 3 3 CC 2.77 1.41 1 2 2 18 9 0 0 0 0 0 2
4 5 140 3 3 1 CST 3.97 1.03 1 1 1 34 17 0 0 0 0 0 2
4 5 141 1 2 3 CC 11.37 1.86 1 1 1 137 69 0 0 0 0 0 2
4 5 142 4 2 1 CST 27.56 10.75 0 2 1 30 15 0 0 0 0 0 2
4 5 143 2 2 5 ILF 12.50 1.63 1 1 1 30 14 0 0 0 0 0 2
4 5 144 5 2 2 CG 3.23 1.33 1 1 1 7 3 0 0 0 0 0 2
4 5 145 3 2 4 IFO 4.67 1.16 1 2 2 17 7 0 0 0 0 0 2
4 5 146 1 2 3 CC 5.12 1.15 1 1 1 86 43 0 0 0 0 0 2
4 5 147 4 2 2 CG 3.44 1.22 1 2 2 6 3 0 0 0 0 0 2
4 5 148 2 2 1 CST 41.71 38.89 1 1 1 38 19 0 0 0 0 0 2
4 5 149 5 2 5 ILF 4.08 1.54 1 2 2 14 6 0 0 0 0 0 2
4 5 150 3 2 4 IFO 6.83 1.33 1 1 1 15 7 0 0 0 0 0 2
4 6 151 1 1 4 IFO 9.24 2.39 1 2 2 1 4 0 0 0 0 0 2
4 6 152 4 1 1 CST 7.14 1.77 0 1 2 4 3 0 0 0 0 0 2
4 6 153 2 1 5 ILF 6.75 1.66 0 1 2 2 1 0 0 0 0 0 2
4 6 154 5 1 2 CG 7.66 2.55 1 2 2 5 3 0 0 0 0 0 2
4 6 155 3 1 3 CC 11.02 1.92 1 2 2 3 4 0 0 0 0 0 2
4 6 156 1 1 4 IFO 8.32 1.79 1 1 1 1 1 0 0 0 0 0 2
4 6 157 4 1 3 CC 4.71 4.71 1 2 2 4 2 0 0 0 0 0 2
4 6 158 2 1 1 CST 6.56 2.66 1 2 2 2 5 0 0 0 0 0 2
4 6 159 5 1 2 CG 5.92 1.62 1 2 2 5 3 0 0 0 0 0 2
4 6 160 3 1 5 ILF 6.71 2.34 1 2 2 3 5 0 0 0 0 0 2
4 6 161 1 3 3 CC 5.78 2.31 1 1 1 1 1 0 0 0 0 0 2
4 6 162 4 3 5 ILF 12.64 1.82 0 1 2 4 5 0 0 0 0 0 2
4 6 163 2 3 2 CG 4.41 1.71 1 2 2 2 3 0 0 0 0 0 2
4 6 164 5 3 1 CST 7.05 2.10 1 1 1 5 5 0 0 0 0 0 2
4 6 165 3 3 4 IFO 6.02 3.00 1 1 1 3 3 0 0 0 0 0 2
4 6 166 1 3 2 CG 19.26 2.63 1 2 2 1 2 0 0 0 0 0 2
4 6 167 4 3 1 CST 3.53 1.77 1 2 2 4 5 0 0 0 0 0 2
4 6 168 2 3 3 CC 7.46 1.62 0 1 2 2 1 0 0 0 0 0 2
4 6 169 5 3 5 ILF 5.74 2.55 1 2 2 5 1 0 0 0 0 0 2
4 6 170 3 3 4 IFO 6.75 3.90 1 1 1 3 3 0 0 0 0 0 2
4 6 171 1 2 5 ILF 6.82 2.41 1 2 2 1 5 0 0 0 0 0 2
4 6 172 4 2 3 CC 3.93 2.35 1 2 2 4 2 0 0 0 0 0 2
4 6 173 2 2 2 CG 7.23 1.86 1 1 1 2 2 0 0 0 0 0 2
4 6 174 5 2 1 CST 3.33 3.33 1 2 2 5 1 0 0 0 0 0 2
4 6 175 3 2 4 IFO 7.64 2.52 1 2 2 3 4 0 0 0 0 0 2
4 6 176 1 2 1 CST 4.02 1.98 1 2 2 1 5 0 0 0 0 0 2
4 6 177 4 2 5 ILF 9.26 1.66 0 1 2 4 3 0 0 0 0 0 2
4 6 178 2 2 4 IFO 9.75 1.68 1 1 1 2 2 0 0 0 0 0 2
4 6 179 5 2 2 CG 6.30 2.23 1 1 1 5 5 0 0 0 0 0 2
4 6 180 3 2 3 CC 23.77 1.77 1 2 2 3 2 0 0 0 0 0 2
5 1 1 3 1 4 IFO 32.07 2.07 1 3 3 0.104282 0.205176 64 0.309458 67 0.004429 0.010457 2
5 1 2 2 1 1 CST 37.04 2.88 0 2 3 0.034802 0.189707 105 0.224510 288 0.004141 0.004376 2
5 1 3 1 1 2 CG 28.33 1.38 0 2 1 0.000173 0.200168 52 0.199995 93 0.005188 0.005497 2
5 1 4 4 1 5 ILF 13.10 3.71 1 2 2 0.135138 0.382347 39 0.247209 69 0.017320 0.005977 2
5 1 5 5 1 3 CC 8.36 2.00 1 3 3 0.104021 0.332082 31 0.436104 47 0.016935 0.023052 2
5 1 6 3 1 1 CST 29.28 2.56 1 2 2 0.062302 0.258226 55 0.195924 15 0.009736 0.006668 2
5 1 7 2 1 5 ILF 17.61 1.56 1 2 2 0.108200 0.368033 68 0.259833 92 0.020689 0.003282 2
5 1 8 1 1 2 CG 11.20 2.93 1 2 2 0.056719 0.247650 155 0.190931 105 0.011519 0.004733 2
5 1 9 4 1 3 CC 11.08 1.55 1 2 2 0.168365 0.352858 55 0.184493 27 0.008989 0.003401 2
5 1 10 5 1 4 IFO 8.42 1.28 1 3 3 0.074520 0.241066 20 0.315585 34 0.007228 0.009236 2
5 1 11 3 3 3 CC 14.42 1.83 1 3 3 0.019670 0.360222 56 0.379892 82 0.012242 0.022823 2
5 1 12 2 3 4 IFO 16.18 1.50 0 1 3 0.059291 0.203579 38 0.262870 15 0.002563 0.008441 2
5 1 13 1 3 1 CST 22.41 2.46 1 3 3 0.066095 0.178624 74 0.244718 98 0.003387 0.005087 2
5 1 14 4 3 5 ILF 10.65 1.38 1 2 2 0.174568 0.468940 10 0.294372 14 0.010528 0.002093 2
5 1 15 5 3 2 CG 23.67 1.40 1 2 2 0.060391 0.208729 3 0.148337 1 0.002215 0.000277 2
5 1 16 3 3 5 ILF 6.15 1.75 1 2 2 0.206989 0.481930 14 0.274942 25 0.014262 0.000881 2
5 1 17 2 3 4 IFO 29.35 2.50 1 3 3 0.032155 0.234408 20 0.266563 15 0.005980 0.007915 2
5 1 18 1 3 3 CC 15.99 2.27 1 2 2 0.189959 0.377030 84 0.187071 47 0.007876 0.005065 2
5 1 19 4 3 1 CST 15.54 1.89 1 2 2 0.102344 0.361477 16 0.259134 13 0.006108 0.011681 2
5 1 20 5 3 2 CG 17.92 1.66 1 2 2 0.115463 0.264165 4 0.148703 2 0.007459 0.000387 2
5 1 21 3 2 4 IFO 12.88 1.84 1 3 3 0.113814 0.205176 64 0.318990 60 0.004429 0.009749 2
5 1 22 2 2 5 ILF 10.70 1.56 1 2 2 0.129267 0.377195 103 0.247928 165 0.020544 0.007029 2
5 1 23 1 2 1 CST 27.21 1.62 1 3 3 0.041798 0.198220 178 0.240018 42 0.004948 0.004738 2
5 1 24 4 2 2 CG 16.33 1.73 1 2 2 0.013731 0.226572 33 0.212841 36 0.007926 0.005011 2
5 1 25 5 2 3 CC 8.23 1.51 1 3 3 0.103526 0.332004 31 0.435530 47 0.016918 0.022996 2
5 1 26 3 2 2 CG 13.15 2.50 1 2 2 0.051473 0.256576 75 0.205104 49 0.013524 0.005836 2
5 1 27 2 2 1 CST 12.92 2.50 1 2 2 0.219809 0.383059 6 0.163250 12 0.002479 0.004767 2
5 1 28 1 2 4 IFO 21.94 1.69 1 3 3 0.107882 0.209917 139 0.317798 134 0.007738 0.010823 2
5 1 29 4 2 5 ILF 18.30 2.13 1 2 2 0.126116 0.385434 31 0.259318 43 0.016416 0.002922 2
5 1 30 5 2 3 CC 10.04 2.28 1 2 2 0.152064 0.339299 31 0.187234 16 0.009981 0.003961 2
5 2 31 3 1 2 CG 19.00 2.66 1 2 2 8 0 0 0 0 0 0 2
5 2 32 2 1 5 ILF 57.35 2.13 1 2 2 15 0 0 0 0 0 0 2
5 2 33 1 1 1 CST 127.17 2.45 0 3 2 72 0 0 0 0 0 0 2
5 2 34 4 1 4 IFO 39.29 1.09 1 2 2 12 0 0 0 0 0 0 2
5 2 35 5 1 3 CC 40.26 2.13 0 3 1 10 0 0 0 0 0 0 2
5 2 36 3 1 3 CC 46.78 2.93 1 1 1 15 0 0 0 0 0 0 2
5 2 37 2 1 1 CST 29.64 1.63 1 2 2 40 0 0 0 0 0 0 2
5 2 38 1 1 4 IFO 33.22 2.87 0 1 3 12 0 0 0 0 0 0 2
5 2 39 4 1 2 CG 31.42 2.42 1 1 1 5 0 0 0 0 0 0 2
5 2 40 5 1 5 ILF 43.67 2.54 0 2 3 9 0 0 0 0 0 0 2
5 2 41 3 3 1 CST 16.99 2.33 1 3 3 22 0 0 0 0 0 0 2
5 2 42 2 3 5 ILF 12.81 2.40 1 2 2 15 0 0 0 0 0 0 2
5 2 43 1 3 3 CC 55.77 2.88 1 3 3 22 0 0 0 0 0 0 2
5 2 44 4 3 2 CG 15.33 1.80 1 1 1 4 0 0 0 0 0 0 2
5 2 45 5 3 4 IFO 11.64 1.85 1 3 3 7 0 0 0 0 0 0 2
5 2 46 3 3 5 ILF 18.23 1.19 1 3 3 19 0 0 0 0 0 0 2
5 2 47 2 3 2 CG 33.49 2.46 0 3 2 8 0 0 0 0 0 0 2
5 2 48 1 3 1 CST 9.37 3.00 1 2 2 62 0 0 0 0 0 0 2
5 2 49 4 3 3 CC 7.21 2.34 1 3 3 12 0 0 0 0 0 0 2
5 2 50 5 3 4 IFO 7.49 2.18 1 3 3 4 0 0 0 0 0 0 2
5 2 51 3 2 2 CG 15.89 3.18 1 2 2 8 0 0 0 0 0 0 2
5 2 52 2 2 5 ILF 39.81 1.10 1 2 2 15 0 0 0 0 0 0 2
5 2 53 1 2 4 IFO 32.52 1.86 0 1 3 24 0 0 0 0 0 0 2
5 2 54 4 2 1 CST 25.78 2.40 1 3 3 13 0 0 0 0 0 0 2
5 2 55 5 2 3 CC 58.08 9.07 1 1 1 10 0 0 0 0 0 0 2
5 2 56 3 2 2 CG 37.05 2.19 0 3 2 8 0 0 0 0 0 0 2
5 2 57 2 2 3 CC 28.49 3.14 0 3 2 21 0 0 0 0 0 0 2
5 2 58 1 2 4 IFO 27.57 1.27 0 1 3 12 0 0 0 0 0 0 2
5 2 59 4 2 5 ILF 25.23 1.49 0 3 2 10 0 0 0 0 0 0 2
5 2 60 5 2 1 CST 11.35 2.88 1 2 2 9 0 0 0 0 0 0 2
5 3 61 3 1 1 CST 28.78 2.11 1 1 1 94 0 0 0 0 0 0 2
5 3 62 2 1 4 IFO 82.33 2.28 1 4 4 20 0 0 0 0 0 0 2
5 3 63 1 1 5 ILF 11.83 3.54 1 5 5 31 0 0 0 0 0 0 2
5 3 64 4 1 2 CG 7.89 3.30 1 2 2 7 0 0 0 0 0 0 2
5 3 65 5 1 3 CC 5.67 3.62 1 3 3 19 0 0 0 0 0 0 2
5 3 66 3 1 2 CG 18.73 2.69 1 2 2 21 0 0 0 0 0 0 2
5 3 67 2 1 3 CC 3.99 3.98 1 3 3 243 0 0 0 0 0 0 2
5 3 68 1 1 4 IFO 50.09 2.33 1 4 4 34 0 0 0 0 0 0 2
5 3 69 4 1 5 ILF 21.28 3.56 1 5 5 18 0 0 0 0 0 0 2
5 3 70 5 1 1 CST 21.22 1.23 1 1 1 21 0 0 0 0 0 0 2
5 3 71 3 3 4 IFO 6.47 6.47 1 4 4 23 0 0 0 0 0 0 2
5 3 72 2 3 2 CG 3.76 3.74 1 2 2 33 0 0 0 0 0 0 2
5 3 73 1 3 3 CC 7.88 7.85 1 3 3 60 0 0 0 0 0 0 2
5 3 74 4 3 1 CST 20.75 1.86 1 1 1 57 0 0 0 0 0 0 2
5 3 75 5 3 5 ILF 4.83 1.57 1 5 5 11 0 0 0 0 0 0 2
5 3 76 3 3 3 CC 3.89 3.73 1 3 3 186 0 0 0 0 0 0 2
5 3 77 2 3 5 ILF 12.37 1.55 1 5 5 34 0 0 0 0 0 0 2
5 3 78 1 3 1 CST 4.47 1.73 1 1 1 117 0 0 0 0 0 0 2
5 3 79 4 3 2 CG 4.85 2.62 1 2 2 9 0 0 0 0 0 0 2
5 3 80 5 3 4 IFO 9.64 7.18 1 4 4 11 0 0 0 0 0 0 2
5 3 81 3 2 4 IFO 29.80 3.20 0 1 4 19 0 0 0 0 0 0 2
5 3 82 2 2 2 CG 4.31 2.38 1 2 2 33 0 0 0 0 0 0 2
5 3 83 1 2 5 ILF 18.65 2.29 1 5 5 31 0 0 0 0 0 0 2
5 3 84 4 2 1 CST 14.39 5.70 0 4 1 57 0 0 0 0 0 0 2
5 3 85 5 2 3 CC 3.04 1.70 1 3 3 19 0 0 0 0 0 0 2
5 3 86 3 2 3 CC 2.59 1.38 1 3 3 188 0 0 0 0 0 0 2
5 3 87 2 2 1 CST 11.73 5.29 0 4 1 97 0 0 0 0 0 0 2
5 3 88 1 2 5 ILF 5.80 2.97 1 5 5 38 0 0 0 0 0 0 2
5 3 89 4 2 4 IFO 5.77 5.62 0 1 4 18 0 0 0 0 0 0 2
5 3 90 5 2 2 CG 3.30 3.14 1 2 2 6 0 0 0 0 0 0 2
5 4 91 3 1 4 IFO 50.93 1.65 0 0 1 230.048171 29.424623 25 0 0 0 0 2
5 4 92 2 1 1 CST 38.09 1.25 0 0 1 298.024034 17.130038 86 0 0 0 0 2
5 4 93 1 1 2 CG 61.95 1.92 0 0 1 307.543638 15.378211 118 0 0 0 0 2
5 4 94 4 1 3 CC 46.89 0.90 0 0 1 606.94649 25.548267 50 0 0 0 0 2
5 4 95 5 1 5 ILF 66.10 2.68 0 0 1 458.400667 31.030435 44 0 0 0 0 2
5 4 96 3 1 5 ILF 17.04 1.92 0 0 1 312.963564 33.082050 147 0 0 0 0 2
5 4 97 2 1 1 CST 25.79 1.54 0 0 1 189.821644 25.123904 211 0 0 0 0 2
5 4 98 1 1 2 CG 33.10 1.47 0 0 1 375.993358 12.858324 66 0 0 0 0 2
5 4 99 4 1 3 CC 20.78 1.42 0 0 1 203.825952 22.274493 27 0 0 0 0 2
5 4 100 5 1 4 IFO 19.99 1.26 0 0 1 146.701537 28.643363 26 0 0 0 0 2
5 4 101 3 3 4 IFO 7.60 1.64 0 0 1 63.577921 29.424623 13 0 0 0 0 2
5 4 102 2 3 5 ILF 5.76 0.90 0 0 1 182.746737 31.030433 26 0 0 0 0 2
5 4 103 1 3 3 CC 28.37 0.95 0 0 1 498.17526 25.548269 25 0 0 0 0 2
5 4 104 4 3 1 CST 13.87 1.70 0 0 1 73.282948 17.130038 26 0 0 0 0 2
5 4 105 5 3 2 CG 3.64 1.20 0 0 1 77.328493 15.378211 4 0 0 0 0 2
5 4 106 3 3 2 CG 3.52 1.19 0 0 1 97.81024 12.858325 8 0 0 0 0 2
5 4 107 2 3 4 IFO 4.06 1.42 1 1 1 100.619664 28.643362 38 0 0 0 0 2
5 4 108 1 3 1 CST 4.08 1.50 0 0 1 87.200937 25.123904 185 0 0 0 0 2
5 4 109 4 3 5 ILF 4.11 1.50 1 1 1 82.761624 33.082050 14 0 0 0 0 2
5 4 110 5 3 3 CC 18.82 1.28 0 0 1 383.655529 22.274492 19 0 0 0 0 2
5 4 111 3 2 2 CG 35.74 1.52 0 0 1 424.858647 15.378211 19 0 0 0 0 2
5 4 112 2 2 5 ILF 5.16 1.39 0 0 1 722.435913 31.030435 94 0 0 0 0 2
5 4 113 1 2 3 CC 9.19 1.26 0 0 1 664.762718 25.548268 140 0 0 0 0 2
5 4 114 4 2 4 IFO 14.01 1.30 0 0 1 85.486168 29.424623 24 0 0 0 0 2
5 4 115 5 2 1 CST 24.11 1.25 0 0 1 262.877359 17.130037 23 0 0 0 0 2
5 4 116 3 2 1 CST 25.33 2.07 0 0 1 262.988615 25.123904 148 0 0 0 0 2
5 4 117 2 2 3 CC 14.38 1.79 0 0 1 65.829106 22.274493 67 0 0 0 0 2
5 4 118 1 2 5 ILF 33.26 0.90 1 1 1 105.571692 33.082050 96 0 0 0 0 2
5 4 119 4 2 2 CG 39.19 1.68 0 0 1 182.628024 12.858325 18 0 0 0 0 2
5 4 120 5 2 4 IFO 14.83 0.98 0 0 1 293.449378 28.643363 26 0 0 0 0 2
5 5 121 3 1 4 IFO 14.66 1.71 0 1 2 17 7 0 0 0 0 0 2
5 5 122 2 1 5 ILF 12.13 2.09 1 2 2 30 14 0 0 0 0 0 2
5 5 123 1 1 2 CG 27.31 4.01 1 2 2 41 20 0 0 0 0 0 2
5 5 124 4 1 3 CC 19.44 1.17 1 2 2 37 19 0 0 0 0 0 2
5 5 125 5 1 1 CST 7.33 2.44 1 1 1 16 8 0 0 0 0 0 2
5 5 126 3 1 3 CC 6.07 2.46 1 1 1 47 24 0 0 0 0 0 2
5 5 127 2 1 2 CG 7.34 2.62 1 1 1 10 5 0 0 0 0 0 2
5 5 128 1 1 4 IFO 12.27 2.00 0 1 2 22 10 0 0 0 0 0 2
5 5 129 4 1 1 CST 8.58 2.54 1 1 1 21 11 0 0 0 0 0 2
5 5 130 5 1 5 ILF 7.93 1.34 1 1 1 14 6 0 0 0 0 0 2
5 5 131 3 3 1 CST 5.20 1.92 1 2 2 31 16 0 0 0 0 0 2
5 5 132 2 3 4 IFO 5.45 2.54 0 1 2 21 10 0 0 0 0 0 2
5 5 133 1 3 3 CC 3.30 3.29 1 2 2 48 24 0 0 0 0 0 2
5 5 134 4 3 2 CG 3.14 3.13 1 2 2 7 3 0 0 0 0 0 2
5 5 135 5 3 5 ILF 5.01 1.57 1 1 1 12 6 0 0 0 0 0 2
5 5 136 3 3 4 IFO 3.85 1.11 1 1 1 15 6 0 0 0 0 0 2
5 5 137 2 3 1 CST 5.12 1.94 1 1 1 37 19 0 0 0 0 0 2
5 5 138 1 3 2 CG 8.75 2.36 1 2 2 13 6 0 0 0 0 0 2
5 5 139 4 3 3 CC 4.17 2.27 1 1 1 20 10 0 0 0 0 0 2
5 5 140 5 3 5 ILF 5.29 1.82 1 1 1 12 6 0 0 0 0 0 2
5 5 141 3 2 5 ILF 14.06 1.46 1 2 2 30 15 0 0 0 0 0 2
5 5 142 2 2 3 CC 6.49 1.62 1 2 2 82 41 0 0 0 0 0 2
5 5 143 1 2 4 IFO 6.44 1.51 0 1 2 25 12 0 0 0 0 0 2
5 5 144 4 2 2 CG 2.58 2.58 1 2 2 11 5 0 0 0 0 0 2
5 5 145 5 2 1 CST 3.90 3.88 1 1 1 16 8 0 0 0 0 0 2
5 5 146 3 2 1 CST 5.22 1.42 1 1 1 38 19 0 0 0 0 0 2
5 5 147 2 2 5 ILF 13.39 1.82 1 1 1 31 14 0 0 0 0 0 2
5 5 148 1 2 4 IFO 6.07 2.03 0 1 2 22 10 0 0 0 0 0 2
5 5 149 4 2 3 CC 3.48 3.48 1 1 1 38 19 0 0 0 0 0 2
5 5 150 5 2 2 CG 3.67 1.47 1 1 1 4 2 0 0 0 0 0 2
5 6 151 3 1 2 CG 31.58 2.44 1 2 2 3 2 0 0 0 0 0 2
5 6 152 2 1 5 ILF 11.85 2.19 1 1 1 2 2 0 0 0 0 0 2
5 6 153 1 1 3 CC 15.08 2.74 1 1 1 1 1 0 0 0 0 0 2
5 6 154 4 1 1 CST 19.20 6.35 1 2 2 4 5 0 0 0 0 0 2
5 6 155 5 1 4 IFO 4.80 4.80 1 2 2 5 1 0 0 0 0 0 2
5 6 156 3 1 5 ILF 12.98 2.64 1 2 2 3 2 0 0 0 0 0 2
5 6 157 2 1 3 CC 4.75 4.75 1 2 2 2 5 0 0 0 0 0 2
5 6 158 1 1 1 CST 16.58 2.68 1 2 2 1 2 0 0 0 0 0 2
5 6 159 4 1 4 IFO 5.59 5.59 1 2 2 4 1 0 0 0 0 0 2
5 6 160 5 1 2 CG 6.82 6.82 1 2 2 5 1 0 0 0 0 0 2
5 6 161 3 3 1 CST 14.03 1.69 0 1 2 3 2 0 0 0 0 0 2
5 6 162 2 3 5 ILF 7.08 2.19 0 1 2 2 1 0 0 0 0 0 2
5 6 163 1 3 3 CC 4.96 2.28 1 2 2 1 4 0 0 0 0 0 2
5 6 164 4 3 4 IFO 2.97 2.69 1 2 2 4 5 0 0 0 0 0 2
5 6 165 5 3 2 CG 2.56 1.62 1 2 2 5 1 0 0 0 0 0 2
5 6 166 3 3 2 CG 4.85 1.93 1 2 2 3 2 0 0 0 0 0 2
5 6 167 2 3 3 CC 2.52 1.63 1 2 2 2 5 0 0 0 0 0 2
5 6 168 1 3 1 CST 13.01 2.38 1 2 2 1 2 0 0 0 0 0 2
5 6 169 4 3 4 IFO 3.18 3.04 1 2 2 4 5 0 0 0 0 0 2
5 6 170 5 3 5 ILF 6.59 1.86 0 1 2 5 4 0 0 0 0 0 2
5 6 171 3 2 4 IFO 8.74 2.95 1 2 2 3 5 0 0 0 0 0 2
5 6 172 2 2 1 CST 10.54 1.86 0 1 2 2 3 0 0 0 0 0 2
5 6 173 1 2 3 CC 13.40 2.00 0 1 2 1 2 0 0 0 0 0 2
5 6 174 4 2 5 ILF 12.13 2.57 0 1 2 4 3 0 0 0 0 0 2
5 6 175 5 2 2 CG 4.15 4.15 1 2 2 5 1 0 0 0 0 0 2
5 6 176 3 2 1 CST 7.00 2.62 1 2 2 3 5 0 0 0 0 0 2
5 6 177 2 2 5 ILF 4.43 2.41 1 2 2 2 5 0 0 0 0 0 2
5 6 178 1 2 2 CG 11.96 1.90 1 1 1 1 1 0 0 0 0 0 2
5 6 179 4 2 4 IFO 11.48 3.60 0 1 2 4 5 0 0 0 0 0 2
5 6 180 5 2 3 CC 4.41 2.16 1 2 2 5 1 0 0 0 0 0 2
